#Momento angular total
5392.94
11902.7
5109.66
10004.4
5783.06
6827.57
10514.1
7057.62
12641.3
5223.19
12039.2
6814.39
15441.2
8383.77
9765.66
13664.9
6737.01
7984.54
7966.77
10058.6
6349.25
7161.21
11046.3
10340.5
10223.1
16298.3
8500.73
14397.5
14692.9
9903.9
7686.53
14150
8789.33
8926.23
10263.3
8936.58
8882.74
8141.7
13423.4
7541.39
23367.2
5311.42
20408.2
7860.21
12588.4
6691.53
12353.7
7209.84
43038
19211
7721.97
12883.9
8464.4
8522.33
6856.69
14493.9
8052.86
16217.4
19554.7
13985
5996.71
11605.2
8363.58
9592.41
6999.9
11834.2
10634.7
15845.1
12576.7
8396.59
12527.1
8518.19
14429
6950.8
20943.8
6638.94
14935.6
12088.8
9518.47
8141.25
7312.08
10107.9
7334.88
11899.8
7756.02
15310.6
8388.85
12128.1
7913.33
16622.1
9442.88
12867.2
16463.5
10798.2
10793
6923.23
7507.61
26259.3
10412.1
9143.59
9997.04
15007.1
11649.2
10280.1
13927.2
5618.58
17771.1
6586.87
14990.2
5946.53
19125.5
6176.35
9893.25
6997.74
8626.93
7056.63
5908.01
34535.9
7618.17
17294.5
7456.73
16000
7425.77
14366.5
8117.47
10577.3
12905.1
8053.56
13374.6
11363.2
8915.63
9284.03
9494.37
9380.67
9351.07
13457.3
15318.9
15278.2
16646.5
7618.33
11669.2
10099.9
8727.2
6255.76
16575.8
7197.71
12185.8
8743.44
7452.25
11848
7199.27
13276.9
6437.08
23902
5404.02
15816.4
7007.16
12051.7
7443.25
9143.66
8620.4
6569.48
18507.3
5993.42
11022.6
6777.81
22338.3
6957.19
15394.6
9323.4
11691.8
13943.6
9242.34
7722.61
7527.29
10258.3
7455.52
11445.4
8991.31
10145
10718.8
12428.6
7016.64
14916.8
7648.22
13937.4
15396.4
13513.1
8079.33
11108.6
7398.09
7513.67
7908.29
9338.49
9514.67
8632.5
18440.6
9376.69
17194.8
7272.34
11763.5
8064.47
9303.49
9921.83
7628.35
15871.3
45881.9
9559.03
6826
9483.94
5982.21
14168.6
8663.92
14653
14904.9
11124.4
6485.49
9946.72
7966.51
7478.18
7290.32
12885.5
10540.8
8105.6
14371.2
8127.12
30502.1
7893.23
12721.4
7991.11
18025.5
6622.59
6878.15
11121.5
6290.53
14643.9
8810.71
24350.5
6378.26
13158
10206.5
8452.75
9065.76
6981.48
12409
7757.55
16003.6
6009.91
16898.6
8590.52
10429.8
11416.1
7216.39
13370.2
7284.74
13379.3
8521.56
13322.5
6923.54
17410.6
14986.5
12473.8
8196.11
8508.65
6728.75
10552.8
9773.65
12086.9
10461.9
11700.4
15002.7
5542.37
12768.8
8803.66
10716.3
22175.4
11733
9338.08
7082.91
10040.3
6794.01
17581.4
7132.03
19296.5
8932.39
8816.24
8419.6
6664.65
15022.3
6135.99
20091.3
5575.5
20260.5
5646.65
13638.2
36565.2
9003.07
12004.8
6433.49
13397
8509.21
10742.5
5929.57
14458.4
12809.4
12495.2
12886.3
7299.18
13074.4
6304.27
7362.14
8805.91
11549.8
15890.9
15006.6
12886.4
12033
7978.29
7799.71
10112.4
12413.3
10091.7
8526.69
11731
11694
20003.3
6090.73
13660.7
6213.68
11408
6321.21
8189.94
9040.28
7627.64
15204.2
8745.81
18647
6122.98
8240.71
8205.66
12146.9
8209.4
6761
20809.9
28942.1
14917.6
7722.19
12829.1
7491.57
7511.14
16009.4
10326.8
10917.1
7575.22
14017.9
10030.1
14251.3
10499
10587.2
9691.52
7196.18
6663.06
7351.68
10203.7
22688.7
13177
12218.7
12941.2
6226.53
9550.26
8715.57
7326.43
8110.65
15969.8
11684.9
8134.46
14361
6943.11
12860.6
6395.68
11948.2
9552.23
11696
9459.66
9185.03
12286.3
7191.68
16036.9
7349.92
18504.9
8219.72
9810.52
7144.26
11372.7
11959.6
6306.07
17350.5
6308.85
17799.1
6244.78
10661
8936.42
8670.44
8330.84
8389.16
13816.6
6202.09
11942.3
6089.39
15672.2
8805.99
10994.7
15689.6
58855.1
9073.59
7559.6
8802.01
8323
11908.1
10726
15772.2
10636.2
11784.2
6262.19
9356.48
6670.95
11040.8
7349.49
14120.2
11556
6703.62
14944.7
6762.24
18158.2
6240.14
12326.9
7207.86
11565
7555.41
6372.38
13112.2
9102.5
21747.9
6377.69
17067.4
8247.51
7955.94
7852.95
7146.72
11995.5
6308.48
23092.2
7167.96
18392.7
6144.04
10122.1
10891.8
8479.1
10167.5
6303.49
13443.3
6440.13
41052.2
6463.89
15989.9
7326.83
9420.35
16565.4
8666.79
8478.38
6416.37
14566.9
7949.35
10991.6
10669.5
15953.7
10581.4
9857.16
8388.96
8741.21
10769.1
9761.24
10454.7
14786.6
13149
7567.87
18093.4
8139.38
12850.2
6076.01
14715.6
16678.1
9656.82
7425.99
6846.79
10968.9
7201.31
17688.8
5791.77
20015.8
12172.6
9731.53
7434.67
7020.64
9486.53
6885.52
16695
7163.36
15445.7
8583.81
13772.8
7774.97
9372.12
13248.9
8945.32
12771.8
6702.71
10540
8447.95
15794.3
9366.96
12793.5
15319
13096.6
6107.31
7550.83
7764.07
13211.6
8338.99
15783.9
13395.9
8392.62
14151.7
6992.86
9204.81
5995.85
11126
8028.04
14591.8
8281.14
7776.9
14252.7
10668.9
13653.3
7319.46
19453.7
6940.09
16631.2
7304.58
7354.32
8939.22
6438.74
14077.6
7188.46
23584.4
5606.51
34452.7
7855.1
8641.96
7984.04
7108.62
15409.2
6493.29
16119.4
6675.84
53429.4
8212.22
9879.21
10483.5
7281.71
16978.6
6600.37
10059.6
5850.83
23526.3
5785.2
17176.1
9714.75
10528.8
14937.1
6837.69
8472.3
7746.11
14618.1
6756.27
11572.6
9498.86
16466
14093.8
11528.5
9518.78
6986
8060.03
7708.07
9733.49
10380.8
10857.4
11977.6
16837.6
7425.51
10559.5
7453.51
10175.1
7634.1
10495.9
8545.04
11635.5
11923.3
6795.35
18942.7
6699.31
10903.7
6961.27
15950.9
7652.82
10678.4
7718.44
10123
11509.3
8295.78
15691.5
7925.24
18982.3
6960.86
11078.1
6759.27
9938.1
10149.4
7081.58
11977.3
6604.31
25780
6900.2
12542.3
5822.6
10904.9
6919.85
6882.26
10430.2
11882.5
20347.5
8617.57
15149.7
6907.13
11548.1
6621.37
7690.95
10582.9
10460.7
13830
12827.3
11331.3
7809.67
16141
8796.53
10798.9
12845.3
13059.1
10938.8
9085.41
9967.55
6752.49
12788.4
6718.1
19296.4
16404.7
21756.5
11075.2
13402.5
6976.97
6881.38
9422.22
8873.11
12272.2
16716.7
60971.7
11502.5
12857.5
8134.47
7049.27
11197.4
7843.05
7812.43
18765.5
31756.8
7210.82
16998.2
6460.96
11406.1
11465.1
8696.64
9662.04
17585.4
13684.8
7485.27
12961.4
6577.95
16139.8
8003.01
12655.2
6098.67
16902.3
12867.3
7442.41
8864.59
9483.06
13028.6
9062.59
18428
6879.75
16743.7
10240.5
8317.35
9311.84
7367.41
13588.3
7316.68
15860.9
5896.88
20597.6
7251.82
16867
7524.14
8510.57
7740.57
9453.61
14581.3
6875.44
15007.4
8132.86
15811.8
6866.76
10481
7305.87
10511.7
15119.3
7195.08
10965.4
7053.32
13564.3
8520.07
16705.6
8184.06
10965.3
15269.3
7043.33
10217.6
7739.15
7361.69
7379.76
12108.4
7447.48
16952.9
16186.2
12725.2
8529.12
9307.86
6285.79
11197.1
8588.08
9141.88
9144.3
15409.8
16559.1
7136.88
14521
9242.28
13138
5950.14
11196.2
8742.95
13712.9
8689.09
6714.43
11728.7
6441.54
16883.5
5458.95
18041.5
6860.37
18150.5
6438.63
9700.92
7908.58
6396.36
16116.4
6684.32
14377.4
6803.75
21560.4
5385.99
17002.4
6852.93
10858.6
60636
9170.96
9319.1
6449.72
16058.4
6352.71
12308.2
8602.32
13798.3
13440
14480.5
9102.19
9747.97
15865.5
8150.58
9990.6
8268.55
8793.88
7701.72
12760.8
9574.54
16073.3
14378.8
13420.5
6655.73
12513.2
7083.68
10015.7
6955.45
10628.3
8792.7
14217.9
11426.5
7052.04
16255.9
6708.86
10049.7
5441.12
12945.6
7757.05
15313.3
7965.29
9791.86
12807.6
6013.45
15460.8
6801.2
13879.2
7752.59
15283
7203.21
7804.75
8316.69
7804.07
14690.6
6996.77
34822.7
6530.75
19122.8
5816.11
8033.29
8287.47
8735.59
8459.83
6624.6
27762.2
8236.45
21672.3
5964.58
8898.53
7167.99
7633.92
8443.56
5766.58
15791.3
7049.04
21548.5
6653.84
13658.4
8472.03
9967.24
6768.17
6758
12409.4
5941.31
17214.8
7841.91
16554.6
6831.3
11149
8089.47
8691.39
11534.6
7880.35
16671.5
6877.73
12306.1
5889.09
14469.3
8392.99
10643.5
13278.5
7336.03
13324.3
5643.91
10984.4
8090.66
14839.1
7114.22
14839.4
17392.5
8618.56
11678.3
6447.4
10286.9
8335.18
8889.52
7799.22
18273.7
16954.4
14129.9
10266.8
11358.2
7424.15
8254.32
7686.45
10948.2
10563
13427.1
15071.2
11598.1
14861.6
6354.47
11230.3
6937.39
12592.1
8588.19
9912.35
10747.6
9465.77
16191.1
7674.46
13752.1
5444.12
19682.1
6877.88
12039
7057.32
9801.09
10204.7
7162.64
16852.5
8390.45
20425.1
7175.69
12255.1
7468.42
10961.4
8053.68
8182.49
14401.1
6047.69
24852.6
8004.79
56841.3
6887.92
10980.7
7285.82
8321.03
13545.8
6877.7
18027.9
9625.91
18668.2
6327.95
11127.3
9292.63
7787.46
12836.6
6462.45
14010
9615.57
14389.4
6042.88
15145.7
9629.2
9652.96
16003.9
7138.08
14914.9
9836.92
9127.43
6669.59
17838.1
7535.03
11741.8
17967.6
8963.36
16946
10840.8
9149.31
7832.3
13043.5
7992.8
14677.5
21116.5
