#Energia total
-0.0218025
-0.0218025
-0.0217907
-0.0217907
-0.0217907
-0.0217907
-0.0217907
-0.0217907
-0.0217907
-0.0217907
-0.0217907
-0.0217907
-0.0217907
-0.0217907
-0.0217907
-0.0217907
-0.0217907
-0.0217907
-0.0217907
-0.0217906
-0.0217906
-0.0217906
-0.0217906
-0.0217906
-0.0217906
-0.0217906
-0.0217906
-0.0217906
-0.0217906
-0.0217906
-0.0217906
-0.0217906
-0.0217906
-0.0217906
-0.0217906
-0.0217906
-0.0217906
-0.0217906
-0.0217906
-0.0217906
-0.0217906
-0.0217906
-0.0217906
-0.0217906
-0.0217906
-0.0217906
-0.0217906
-0.0217905
-0.0217905
-0.0217905
-0.0217905
-0.0217905
-0.0217905
-0.0217905
-0.0217905
-0.0217905
-0.0217905
-0.0217905
-0.0217905
-0.0217905
-0.0217905
-0.0217905
-0.0217905
-0.0217905
-0.0217905
-0.0217905
-0.0217905
-0.0217905
-0.0217905
-0.0217905
-0.0217905
-0.0217905
-0.0217905
-0.0217905
-0.0217905
-0.0217905
-0.0217905
-0.0217905
-0.0217905
-0.0217905
-0.0217905
-0.0217905
-0.0217905
-0.0217905
-0.0217905
-0.0217905
-0.0217905
-0.0217905
-0.0217905
-0.0217905
-0.0217905
-0.0217905
-0.0217905
-0.0217905
-0.0217905
-0.0217905
-0.0217904
-0.0217904
-0.0217904
-0.0217904
-0.0217904
-0.0217904
-0.0217904
-0.0217904
-0.0217904
-0.0217904
-0.0217904
-0.0217904
-0.0217904
-0.0217904
-0.0217904
-0.0217904
-0.0217904
-0.0217904
-0.0217904
-0.0217904
-0.0217904
-0.0217904
-0.0217904
-0.0217904
-0.0217904
-0.0217904
-0.0217904
-0.0217904
-0.0217904
-0.0217904
-0.0217904
-0.0217904
-0.0217904
-0.0217904
-0.0217904
-0.0217904
-0.0217904
-0.0217904
-0.0217904
-0.0217904
-0.0217904
-0.0217904
-0.0217904
-0.0217904
-0.0217904
-0.0217904
-0.0217904
-0.0217904
-0.0217904
-0.0217904
-0.0217904
-0.0217904
-0.0217904
-0.0217904
-0.0217904
-0.0217904
-0.0217904
-0.0217904
-0.0217904
-0.0217904
-0.0217904
-0.0217904
-0.0217904
-0.0217904
-0.0217904
-0.0217904
-0.0217904
-0.0217904
-0.0217904
-0.0217904
-0.0217904
-0.0217904
-0.0217904
-0.0217904
-0.0217904
-0.0217904
-0.0217904
-0.0217904
-0.0217904
-0.0217904
-0.0217904
-0.0217904
-0.0217904
-0.0217904
-0.0217904
-0.0217904
-0.0217904
-0.0217904
-0.0217904
-0.0217904
-0.0217904
-0.0217904
-0.0217904
-0.0217904
-0.0217904
-0.0217904
-0.0217904
-0.0217904
-0.0217904
-0.0217904
-0.0217904
-0.0217904
-0.0217904
-0.0217904
-0.0217904
-0.0217904
-0.0217904
-0.0217904
-0.0217904
-0.0217909
-0.0217909
-0.0217909
-0.0217909
-0.0217909
-0.0217909
-0.0217909
-0.0217909
-0.0217909
-0.0217909
-0.0217909
-0.0217909
-0.0217909
-0.0217909
-0.0217909
-0.0217909
-0.0217909
-0.0217909
-0.0217909
-0.0217909
-0.0217909
-0.0217909
-0.0217909
-0.0217909
-0.0217909
-0.0217909
-0.0217909
-0.0217909
-0.0217909
-0.0217909
-0.0217909
-0.0217909
-0.0217909
-0.0217909
-0.0217909
-0.0217909
-0.0217909
-0.0217909
-0.0217909
-0.0217909
-0.0217909
-0.0217909
-0.0217909
-0.0217909
-0.0217909
-0.0217909
-0.0217909
-0.0217909
-0.0217909
-0.0217909
-0.0217909
-0.0217909
-0.0217909
-0.0217909
-0.0217909
-0.0217909
-0.0217909
-0.0217909
-0.0217908
-0.0217909
-0.0217909
-0.0217909
-0.0217909
-0.0217909
-0.0217909
-0.0217909
-0.0217909
-0.0217909
-0.0217909
-0.0217908
-0.0217908
-0.0217909
-0.0217909
-0.0217908
-0.0217908
-0.0217908
-0.0217909
-0.0217908
-0.0217908
-0.0217908
-0.0217908
-0.0217908
-0.0217908
-0.0217908
-0.0217908
-0.0217908
-0.0217908
-0.0217908
-0.0217908
-0.0217908
-0.02179
-0.02179
-0.02179
-0.02179
-0.02179
-0.02179
-0.02179
-0.0217904
-0.0217904
-0.0217904
-0.0217904
-0.0217904
-0.0217904
-0.0217907
-0.0217907
-0.0217907
-0.0217907
-0.0217907
-0.0217907
-0.0217907
-0.0217907
-0.0217907
-0.0217907
-0.0217907
-0.0217907
-0.0217907
-0.0217907
-0.0217907
-0.0217907
-0.0217907
-0.0217907
-0.0217907
-0.0217907
-0.0217907
-0.0217907
-0.0217907
-0.0217907
-0.0217907
-0.0217907
-0.0217907
-0.0217907
-0.0217907
-0.0217907
-0.0217907
-0.0217907
-0.0217907
-0.0217907
-0.0217907
-0.0217907
-0.0217907
-0.0217907
-0.0217907
-0.0217907
-0.0217907
-0.0217907
-0.0217907
-0.0217907
-0.0217907
-0.0217907
-0.0217907
-0.0217907
-0.0217907
-0.0217907
-0.0217907
-0.0217907
-0.0217907
-0.0217907
-0.0217907
-0.0217907
-0.0217907
-0.0217907
-0.0217907
-0.0217907
-0.0217907
-0.0217907
-0.0217907
-0.0217907
-0.0217907
-0.0217907
-0.0217907
-0.0217907
-0.0217907
-0.0217907
-0.0217907
-0.0217907
-0.0217907
-0.0217907
-0.0217907
-0.0217907
-0.0217907
-0.0217907
-0.0217907
-0.0217907
-0.0217907
-0.0217907
-0.0217907
-0.0217907
-0.0217907
-0.0217907
-0.0217907
-0.0217907
-0.0217907
-0.0217907
-0.0217908
-0.0217908
-0.0217908
-0.0217908
-0.0217908
-0.0217908
-0.0217908
-0.0217908
-0.0217908
-0.0217908
-0.0217908
-0.0217908
-0.0217908
-0.0217908
-0.0217908
-0.021791
-0.0217908
-0.0217908
-0.0217908
-0.0217908
-0.0217908
-0.0217908
-0.0217908
-0.0217908
-0.0217908
-0.0217908
-0.0217908
-0.0217908
-0.0217908
-0.0217908
-0.0217908
-0.0217908
-0.0217908
-0.0217908
-0.0217908
-0.0217908
-0.0217908
-0.0217908
-0.0217908
-0.0217908
-0.0217908
-0.0217908
-0.0217908
-0.0217908
-0.0217908
-0.0217908
-0.0217908
-0.0217908
-0.0217908
-0.0217908
-0.0217908
-0.0217908
-0.0217908
-0.0217908
-0.0217908
-0.0217908
-0.0217908
-0.0217908
-0.0217908
-0.0217908
-0.0217908
-0.0217908
-0.0217908
-0.0217908
-0.0217908
-0.0217908
-0.0217908
-0.0217908
-0.0217908
-0.0217908
-0.0217908
-0.0217908
-0.0217909
-0.0217909
-0.0217909
-0.0217909
-0.0217909
-0.0217909
-0.0217909
-0.0217909
-0.0217909
-0.0217909
-0.0217909
-0.0217909
-0.0217909
-0.0217909
-0.0217909
-0.0217909
-0.0217909
-0.0217909
-0.0217909
-0.0217909
-0.0217909
-0.0217909
-0.0217909
-0.0217909
-0.0217909
-0.0217909
-0.0217909
-0.0217909
-0.0217909
-0.0217909
-0.0217908
-0.0217908
-0.0217908
-0.0217908
-0.0217908
-0.0217908
-0.0217908
-0.0217908
-0.0217908
-0.0217908
-0.0217908
-0.0217908
-0.0217908
-0.0217908
-0.0217908
-0.0217908
-0.0217908
-0.0217908
-0.0217908
-0.0217908
-0.0217908
-0.0217908
-0.0217908
-0.0217908
-0.0217908
-0.0217908
-0.0217908
-0.0217908
-0.0217908
-0.0217908
-0.0217908
-0.0217908
-0.0217908
-0.0217908
-0.0217916
-0.0217916
-0.0217916
-0.0217916
-0.0217916
-0.0217916
-0.0217916
-0.0217916
-0.0217917
-0.0217917
-0.0217917
-0.0217917
-0.0217917
-0.0217916
-0.0217916
-0.0217916
-0.0217917
-0.021797
-0.021797
-0.021797
-0.021797
-0.021797
-0.021797
-0.021797
-0.021797
-0.021797
-0.021797
-0.0217912
-0.0217912
-0.0217912
-0.0217912
-0.0217912
-0.0217912
-0.0217912
-0.0217912
-0.0217912
-0.0217912
-0.0217912
-0.0217912
-0.0217912
-0.0217912
-0.0217912
-0.0217912
-0.0217912
-0.0217912
-0.0217912
-0.0217912
-0.0217912
-0.0217912
-0.0217912
-0.0217912
-0.0217912
-0.0217912
-0.0217912
-0.0217912
-0.0217912
-0.0217912
-0.0217912
-0.0217912
-0.0217912
-0.0217912
-0.0217912
-0.0217912
-0.0217912
-0.0217912
-0.0217912
-0.0217912
-0.0217912
-0.0217912
-0.0217912
-0.0217912
-0.0217912
-0.0217912
-0.0217912
-0.0217912
-0.0217912
-0.0217912
-0.0217912
-0.0217912
-0.0217912
-0.0217912
-0.0217912
-0.0217912
-0.0217912
-0.0217912
-0.0217912
-0.0217912
-0.0217912
-0.0217912
-0.0217912
-0.0217912
-0.0217912
-0.0217912
-0.0217912
-0.0217912
-0.0217912
-0.0217912
-0.0217912
-0.0217912
-0.0217912
-0.0217912
-0.0217912
-0.0217912
-0.0217912
-0.0217912
-0.0217912
-0.0217912
-0.0217912
-0.0217912
-0.0217912
-0.0217912
-0.0217912
-0.0217912
-0.0217912
-0.0217912
-0.0217912
-0.0217912
-0.0217912
-0.0217912
-0.0217912
-0.0217912
-0.0217912
-0.0217912
-0.0217912
-0.0217912
-0.0217912
-0.0217912
-0.0217912
-0.0217912
-0.0217912
-0.0217912
-0.0217912
-0.0217911
-0.0217912
-0.0217912
-0.0217912
-0.0217912
-0.0217912
-0.0217912
-0.0217912
-0.0217912
-0.0217913
-0.0217912
-0.0217912
-0.0217912
-0.0217912
-0.0217912
-0.0217912
-0.0217912
-0.0217912
-0.0217911
-0.0217912
-0.0217912
-0.0217912
-0.0217912
-0.0217912
-0.0217912
-0.0217912
-0.0217912
-0.0217912
-0.0217912
-0.0217912
-0.0217912
-0.0217912
-0.0217912
-0.0217912
-0.0217912
-0.0217912
-0.0217912
-0.0217912
-0.0217912
-0.0217912
-0.0217912
-0.0217912
-0.0217912
-0.0217912
-0.0217912
-0.0217912
-0.0217912
-0.0217912
-0.0217912
-0.0217912
-0.0217912
-0.0217912
-0.0217912
-0.0217912
-0.0217912
-0.0217912
-0.0217912
-0.0217912
-0.0217912
-0.0217912
-0.0217912
-0.0217912
-0.0217912
-0.0217912
-0.0217912
-0.0217912
-0.0217912
-0.0217912
-0.0217912
-0.0217912
-0.0217912
-0.0217894
-0.0217894
-0.0217894
-0.0217894
-0.0217895
-0.0217894
-0.0217894
-0.0217894
-0.0217894
-0.0217894
-0.0217894
-0.0217894
-0.0217894
-0.0217894
-0.0217894
-0.0217895
-0.0217895
-0.0217895
-0.0217895
-0.0217895
-0.0217895
-0.0217895
-0.0217895
-0.0217894
-0.0217894
-0.0217894
-0.0217895
-0.0217894
-0.0217895
-0.0217895
-0.0217895
-0.0217895
-0.0217895
-0.0217895
-0.0217895
-0.0217895
-0.0217895
-0.0217895
-0.0217894
-0.0218102
-0.0218102
-0.0218102
-0.0218102
-0.0218102
-0.0218102
-0.0218102
-0.0218102
-0.0218102
-0.0218102
-0.0218102
-0.0218102
-0.0218102
-0.0218102
-0.0218102
-0.0218102
-0.0218102
-0.0218102
-0.0218105
-0.0218102
-0.0218102
-0.0218102
-0.0218119
-0.0218119
-0.0218119
-0.0218119
-0.0218119
-0.0218119
-0.0218119
-0.0218119
-0.0218119
-0.0218119
-0.0218119
-0.0218119
-0.0218119
-0.0218119
-0.0218119
-0.0218119
-0.0218119
-0.0218119
-0.0218119
-0.0218119
-0.0218119
-0.0218119
-0.0218119
-0.0218119
-0.0218119
-0.0218119
-0.0218119
-0.0218118
-0.0218118
-0.0218118
-0.0218118
-0.0218118
-0.0218118
-0.0218118
-0.0218118
-0.0218118
-0.0218118
-0.0218118
-0.0218118
-0.0218118
-0.0218118
-0.0218118
-0.0218118
-0.0218118
-0.0218118
-0.0218118
-0.0218118
-0.0218118
-0.0218118
-0.0218118
-0.0218118
-0.0218118
-0.0218118
-0.0218118
-0.0218118
-0.0218118
-0.0218118
-0.0218118
-0.0218118
-0.0218118
-0.0218118
-0.0218118
-0.0218118
-0.0218118
-0.0218118
-0.0218118
-0.0218118
-0.0218118
-0.0218118
-0.0218118
-0.0218118
-0.0218118
-0.0218118
-0.0218118
-0.0218118
-0.0218118
-0.0218118
-0.0218118
-0.0218118
-0.0218118
-0.0218118
-0.0218118
-0.0218118
-0.0218118
-0.0218118
-0.0218118
-0.0218118
-0.0218118
-0.0218118
-0.0218118
-0.0218118
-0.0218115
-0.0218115
-0.0218115
-0.0218115
-0.0218115
-0.0218115
-0.0218115
-0.0218115
-0.0218115
-0.0218115
-0.0218076
-0.0218076
-0.0218076
-0.0218076
-0.0218076
-0.0218076
-0.0218076
-0.0218076
-0.0218076
-0.0218076
-0.0218076
-0.0218076
-0.0218076
-0.0218076
-0.0218076
-0.0218076
-0.0218076
-0.0218076
-0.0218076
-0.0218079
-0.0218079
-0.0218079
-0.0218079
-0.0218079
-0.0218079
-0.0218079
-0.0218079
-0.0218079
-0.0218079
-0.0218079
-0.0218079
-0.0218079
-0.0218079
-0.0218079
-0.0218079
-0.0218079
-0.0218072
-0.0218072
-0.0218072
-0.0218072
-0.0218072
-0.0218072
-0.0218072
-0.0218072
-0.0218072
-0.0218072
-0.0218072
-0.0218072
-0.0218072
-0.0218072
-0.0218072
-0.0218072
-0.0218072
-0.0218072
-0.0218072
-0.0218072
-0.0218072
-0.0218072
-0.0218072
-0.0218073
-0.0218072
-0.0218072
-0.0218072
-0.0218072
-0.0218072
-0.0218072
-0.0218072
-0.0218072
-0.0218072
-0.0218072
-0.0218072
-0.0218072
-0.0218072
-0.0218072
-0.0218072
-0.0218072
-0.0218072
-0.0218072
-0.0218072
-0.0218072
-0.0218072
-0.0218072
-0.0218072
-0.0218072
-0.0218072
-0.0218072
-0.0218072
-0.0218072
-0.0218072
-0.0218072
-0.0218072
-0.0218051
-0.0218051
-0.0218051
-0.0218051
-0.0218051
-0.0218051
-0.0218051
-0.0218051
-0.0218051
-0.0218051
