#Radio	Excentricidad
111.369	0.0249357
7.32069	0.562468
92.1603	0.0224412
18.4899	0.167162
88.6579	0.0451801
35.2592	0.0644972
26.6826	0.057977
48.1277	0.113815
10.1901	0.03057
97.6261	0.0301057
56.0571	0.0527384
62.7281	0.0432696
30.6954	0.0573288
14.5062	0.109517
65.8051	0.0478477
109.513	0.0399092
108.247	0.0145857
30.0219	0.0917564
39.8842	0.184006
57.095	0.044978
65.7987	0.0507948
8.00106	0.0471339
28.7322	0.0381164
69.5447	0.048291
19.5099	0.0363428
57.1009	0.301008
100.849	0.031937
53.4427	0.0391184
56.6445	0.0436713
72.284	0.0516873
41.698	0.158367
89.0747	0.0960263
53.6932	0.101158
13.8162	0.18897
9.79593	0.313161
81.446	0.0514129
69.8683	0.03227
84.5151	0.0520063
87.2627	0.0461685
57.6885	0.0351797
39.1805	0.0249758
62.682	0.0444336
99.3168	0.0374356
62.6208	0.0139049
36.8834	0.0948266
33.5634	0.0251445
99.6103	0.0506592
53.3022	0.0729211
107.776	0.0109417
53.4953	0.032039
103.392	0.0265541
29.4229	0.108785
95.9478	0.0532219
34.1301	0.115083
13.8358	0.0438987
30.8897	0.044543
82.2753	0.0521608
104.398	0.0443173
8.03164	0.0152349
94.595	0.052842
69.2121	0.0525195
31.4605	0.0391549
63.576	0.0457915
107.297	0.0268977
13.3381	0.432553
12.6853	0.042825
43.7692	0.0775537
95.2779	0.0523105
88.0394	0.0529266
13.3304	0.275152
72.7864	0.0525977
36.4983	0.0252301
16.1813	0.0268025
44.2316	0.0492346
105.991	0.0176903
79.4571	0.0472303
27.5939	0.156536
36.6461	0.0436054
95.686	0.0441803
6.34241	0.347198
20.5642	0.106544
54.2455	0.03884
95.2659	0.044143
78.3352	0.0526552
24.2019	0.015908
1.95976	0.252132
34.2681	0.0868895
108.661	0.0218237
12.4493	0.0410189
78.8976	0.0520983
14.2673	0.0793677
57.9296	0.01154
15.6988	0.0431994
56.5768	0.0469173
88.1769	0.0503225
22.8961	0.0540338
34.5764	0.06321
83.4791	0.0368339
71.8108	0.0513571
9.8685	0.554926
89.0148	0.0482256
102.478	0.0209292
69.8126	0.0496969
82.889	0.0438159
83.269	0.0495489
52.7288	0.0725108
50.5061	0.0168022
112.443	0.0376608
32.6611	0.222051
106.438	0.0103289
94.1413	0.0502479
38.9756	0.125568
38.185	0.0453168
53.8009	0.107644
52.0656	0.101741
54.039	0.0668442
53.1828	0.044701
54.5058	0.0161283
42.0714	0.0293075
62.7405	0.0669627
105.161	0.0430934
12.333	0.109865
88.8385	0.052614
69.121	0.0507939
37.0199	0.278538
58.6339	0.0956491
39.2445	0.0673157
62.9976	0.0471773
69.0257	0.0462214
96.393	0.0299516
45.0069	0.0686987
26.0574	0.129751
54.088	0.0526913
71.7819	0.0526859
16.449	0.0473944
76.7196	0.0516753
37.9862	0.286264
67.1612	0.049285
13.6725	0.117766
92.7909	0.0492038
106.502	0.0146966
54.4837	0.0374733
54.052	0.0846159
102.862	0.0353889
19.5102	0.07118
53.7466	0.0389099
36.2326	0.0423273
89.9792	0.0706337
28.0862	0.0467687
65.5312	0.0522041
54.2346	0.1196
28.587	0.0905123
79.8498	0.0529075
76.2099	0.0529221
38.4345	0.162969
38.702	0.0613499
83.455	0.0526271
38.4192	0.0596801
23.2475	0.133136
12.9505	0.0359932
69.3423	0.0507527
106.609	0.0272102
78.7454	0.0513443
104.922	0.0377143
61.4	0.0486706
53.6328	0.0586532
52.9773	0.0479051
15.475	0.525987
35.8998	0.0883027
61.9943	0.0442572
81.3752	0.0528132
23.5072	0.111967
82.2715	0.0405223
89.7342	0.0528595
51.2769	0.0305042
99.541	0.0489957
59.72	0.0234736
27.1814	0.0691286
32.9518	0.062014
98.4346	0.0611471
22.486	0.112607
29.2661	0.169804
13.599	0.0632112
80.7289	0.0528744
47.1417	0.0444317
54.4099	0.0657267
39.3044	0.0218718
4.58766	0.549793
63.7263	0.0475085
67.4874	0.0344123
54.8269	0.0620223
90.0428	0.0484063
103.362	0.0333737
53.7581	0.091156
70.5716	0.050491
18.8803	0.0983766
35.4169	0.0313369
76.9662	0.0529235
17.0043	0.0542294
94.8316	0.0529032
12.1023	0.208757
26.2248	0.109597
36.3568	0.0924974
31.1066	0.0267795
13.88	0.0443915
101.861	0.0172072
34.1446	0.0373037
12.5832	0.102376
53.8358	0.0377116
26.4706	0.316723
84.5209	0.286017
77.0205	0.0528472
36.3973	0.0525162
18.0972	0.0148525
103.324	0.0402041
72.3598	0.0518396
9.04279	0.121859
72.127	0.0523974
44.6129	0.0541014
15.82	0.0662833
88.1629	0.0517836
52.3045	0.118878
39.9696	0.0367256
6.45454	0.316793
94.427	0.0970459
79.2664	0.0489794
53.7196	0.0191927
53.7348	0.0341255
27.1487	0.0411611
70.3181	0.0525033
75.0652	0.0304775
51.9594	0.0849811
37.4543	0.0661703
54.0853	0.0212226
62.4092	0.061094
38.6942	0.146834
68.5563	0.0917644
73.3073	0.0527088
38.0704	0.0607705
57.2309	0.0325168
107.062	0.0301195
16.5324	0.0401065
52.7188	0.0718641
66.1041	0.0246194
80.9893	0.052683
35.0853	0.0526761
31.3084	0.0990578
92.028	0.0476985
55.9241	0.0508414
36.4271	0.065062
21.9579	0.0397774
109.658	0.0417621
59.9719	0.0261896
13.9813	0.0452932
67.7429	0.0380949
12.3269	0.131172
5.41759	0.187095
64.2135	0.0381842
54.096	0.0407797
51.5768	0.0468961
31.517	0.0576604
109.206	0.0602304
84.3655	0.0471105
18.5016	0.0511585
54.0794	0.0269952
92.4574	0.0519018
62.6057	0.016044
53.672	0.0159475
105.923	0.016725
54.9869	0.052275
59.8881	0.0413899
64.105	0.0328996
9.4789	0.114219
35.7753	0.135735
35.8476	0.106458
81.6529	0.050899
101.488	0.0300641
97.69	0.0508449
30.0729	0.134609
64.5044	0.0256366
90.3593	0.05136
67.7084	0.0525275
36.476	0.0772874
12.0523	0.324834
51.3909	0.0522087
89.6757	0.0171117
27.1419	0.0828951
94.1908	0.0482913
65.4162	0.0486629
87.809	0.0752266
96.7859	0.056215
104.846	0.0361045
63.7074	0.0422872
74.6391	0.0529309
16.3554	0.0454816
54.2505	0.0484759
35.0554	0.0448771
96.0162	0.0365863
47.7692	0.0375788
52.8035	0.105532
100.76	0.0469942
53.761	0.0992877
3.9594	0.0416823
20.9634	0.257689
75.9714	0.0523892
53.8088	0.0699341
37.2237	0.0747271
94.4435	0.0353604
55.3825	0.0526037
60.3248	0.0213008
79.7052	0.0527345
17.0431	0.0351094
80.2536	0.052623
6.60957	0.325268
65.1132	0.0323561
62.3206	0.0526318
96.6919	0.0289223
51.1172	0.0206314
52.9613	0.0149222
109.995	0.0342395
93.6581	0.0407995
20.4191	0.00749123
91.8748	0.0427421
24.0463	0.172546
39.706	0.0773862
54.4041	0.0458564
50.7168	0.028499
73.4588	0.052709
12.2366	0.70706
6.78485	0.209816
67.3288	0.0528987
76.6092	0.0524246
58.2162	0.0507041
31.9238	0.203323
24.5403	0.282203
60.603	0.0156853
61.9452	0.0515381
12.6589	0.0229068
107.587	0.0283749
37.0457	0.0605186
93.9908	0.0451715
108.09	0.035967
102.396	0.0290916
47.4053	0.0498402
24.6551	0.093173
53.9065	0.052933
54.9422	0.0663461
96.3945	0.0349566
32.4817	0.158397
1.94788	0.13782
6.12564	0.423459
81.8857	0.0525869
108.112	0.0233707
28.1248	0.0608071
14.9072	0.208987
25.6175	0.12102
37.9259	0.0943544
28.1245	0.0365906
84.2517	0.0510826
15.1314	0.179402
88.8141	0.0828649
51.5208	0.0484038
101.787	0.0432641
38.9056	0.0532616
53.5316	0.100865
22.3222	0.0485806
38.04	0.116497
72.5724	0.0529193
70.1044	0.0490744
15.8283	0.147987
107.658	0.0429706
86.6274	0.0295193
32.9555	0.160564
4.13744	0.173638
23.2539	0.146459
2.87251	0.635588
94.4862	0.0483385
5.57112	0.0335419
77.982	0.0523174
60.1747	0.0423629
33.3091	0.206773
109.445	0.00236357
69.4375	0.0512343
61.6499	0.0463467
36.5929	0.0488545
58.2562	0.101922
20.387	0.362325
69.6935	0.0515113
24.166	0.199056
44.1064	0.0680173
35.481	0.0631449
21.2226	0.172949
54.3048	0.0120595
48.994	0.0282841
9.2858	0.047537
17.9753	0.131569
109.849	0.0232242
80.1372	0.0479523
27.6538	0.230714
41.8142	0.0480457
27.9975	0.0372831
91.5547	0.0519727
63.0836	0.0427819
78.1571	0.0512199
19.8841	0.116834
17.5234	0.0173412
28.5991	0.0435763
24.1363	0.090878
8.41491	0.0961783
69.2844	0.0504389
74.9579	0.051625
54.0878	0.0588009
8.85082	0.115772
29.2894	0.0482602
93.872	0.014407
34.8621	0.200605
54.6285	0.0670713
33.3705	0.0977326
36.4611	0.0955449
92.5235	0.024718
6.35298	0.0863555
54.6194	0.0573005
78.4116	0.0505377
52.7138	0.0476756
103.377	0.0246764
57.659	0.0491828
11.7774	0.299115
91.2634	0.00121978
70.1314	0.052903
57.438	0.0506862
36.3079	0.0600995
95.0541	0.0529333
31.8962	0.191645
62.1243	0.0481316
70.5547	0.0773732
109.9	0.0287073
24.5028	0.208302
53.8735	0.0528421
89.1962	0.0199028
17.0979	0.0393017
96.8291	0.0504141
103.102	0.0271342
55.4914	0.0393045
21.4594	0.356258
7.82606	0.0156167
37.0962	0.0475068
56.5989	0.0321837
93.1562	0.0476858
71.5579	0.0515496
53.9826	0.0526815
48.0128	0.0637104
72.9718	0.0523862
49.6459	0.0474087
105.089	0.0273934
95.7849	0.0135868
54.4204	0.0470196
48.7628	0.0529592
32.1029	0.0518461
22.281	0.0538772
22.6432	0.107169
36.5835	0.0517277
94.0718	0.0521656
99.8872	0.067922
36.6844	0.076142
57.2161	0.060582
110.121	0.0202767
8.05918	0.133723
90.496	0.0432113
43.2356	0.0437919
25.5543	0.0235805
12.1989	0.109755
61.2639	0.035632
108.684	0.0315244
24.93	0.0602117
90.2949	0.0764935
96.7474	0.0425024
41.8435	0.0648746
100.356	0.0392971
24.3146	0.0439956
23.4178	0.0509901
79.0789	0.0525019
84.9957	0.0518778
16.6177	0.213289
6.61659	0.27171
97.656	0.0418828
69.2724	0.0465336
104.352	0.0481559
24.7805	0.0477877
101.327	0.0524179
14.5337	0.0394505
38.3139	0.0218053
46.9039	0.0950553
8.07978	0.212302
63.6164	0.019183
65.2778	0.00996914
96.4881	0.0272034
112.184	0.0301809
12.426	0.0332754
65.0105	0.0523414
102.236	0.0440685


99.9805	0.0177402
2.81706	0.394466
88.7474	0.0292415
18.2871	0.167173
85.8914	0.0527396
33.7888	0.0437679
31.9995	0.104139
47.2939	0.121397
11.2509	0.0798196
89.9805	0.0365428
56.494	0.0396439
65.9102	0.0730643
31.0119	0.0582478
11.7844	0.0644189
67.0595	0.0527835
100.074	0.0481277
97.3082	0.0107272
25.2364	0.07126
27.9265	0.151079
57.5635	0.0555567
66.4495	0.0526837
11.6852	0.482782
29.8802	0.0420144
73.957	0.0341057
20.8517	0.139754
61.2989	0.278457
89.4977	0.0233318
59.7709	0.0907043
57.7725	0.0518678
79.0696	0.061991
43.805	0.157888
87.0341	0.0963519
43.1535	0.0882402
17.4608	0.0753009
12.3301	0.128832
81.908	0.0496513
71.2117	0.0323214
83.9602	0.0528352
85.1804	0.0529156
58.1315	0.0429055
42.2772	0.151583
62.6783	0.044433
92.2945	0.0387813
64.254	0.0459434
41.936	0.318604
32.8089	0.0687668
96.6048	0.0506658
54.6339	0.0626325
97.4495	0.0197281
50.7764	0.0290672
91.8766	0.0258531
26.1835	0.0363296
87.45	0.0653433
35.0774	0.193844
12.915	0.0597779
30.9954	0.0929103
82.2638	0.052185
98.6086	0.0448041
8.03789	0.00838027
94.0313	0.0528554
70.0058	0.0527155
33.324	0.124207
64.0185	0.0330448
98.2076	0.0307225
14.371	0.542751
15.0387	0.175497
45.3684	0.0623693
93.8028	0.0523949
87.9304	0.0529321
10.6298	0.0564162
75.3688	0.0225366
34.7964	0.0552321
16.8261	0.0527572
46.2024	0.0375961
96.0263	0.02015
83.7177	0.0584795
27.1776	0.191921
36.724	0.0444094
90.6641	0.0466949
8.50622	0.115644
21.0914	0.103717
58.4792	0.0353657
86.1728	0.047668
79.4345	0.0491909
28.6858	0.114773
2.21471	0.421484
36.3978	0.0185362
99.106	0.0293184
12.5001	0.0291024
80.4632	0.0440017
18.2867	0.166795
58.0503	0.0112424
18.8376	0.200573
57.7795	0.0605814
86.663	0.0671133
23.1696	0.0389503
32.3579	0.0673861
83.6286	0.106274
77.1582	0.0237461
9.41271	0.491289
86.4798	0.0626973
91.5285	0.0187638
75.903	0.06993
83.8106	0.0332769
82.895	0.0821915
44.2382	0.0652569
45.8425	0.0308883
100.13	0.101529
21.2882	0.229102
96.0663	0.0151395
91.3092	0.0510539
32.3925	0.0389804
42.4527	0.162126
55.0101	0.106006
42.0178	0.0647285
56.2197	0.0297602
52.322	0.135072
58.1079	0.072543
42.6758	0.0280216
62.7823	0.0666708
99.0161	0.0439007
12.0973	0.0454624
88.0773	0.0528582
71.2647	0.0505527
38.2192	0.285606
58.6473	0.0957877
43.6087	0.0713309
63.2867	0.0489403
73.9575	0.0295641
87.0839	0.0325235
45.9351	0.0535714
29.8965	0.133409
56.7167	0.0141159
73.1631	0.0510333
22.2471	0.327866
82.3118	0.0750205
42.8959	0.294952
68.7838	0.0527491
19.7652	0.243525
89.7189	0.0509708
96.3415	0.0186671
57.4858	0.0800517
55.3798	0.0492738
95.0819	0.0353987
21.3608	0.205491
54.8751	0.023933
37.8318	0.185036
86.5777	0.0609075
32.3434	0.120466
66.0809	0.0752747
41.3838	0.11716
31.6867	0.215836
79.9714	0.0528375
77.0991	0.0513634
32.8353	0.0293067
40.8332	0.0110161
83.2228	0.0528549
38.4204	0.0562331
21.4046	0.0596573
14.9366	0.206417
70.7433	0.0174774
96.89	0.0265111
81.8433	0.0744999
97.4982	0.0384871
61.4219	0.0554388
48.6239	0.0369286
53.6913	0.0398996
16.6431	0.628379
39.7811	0.0730146
62.1673	0.0459233
81.4248	0.0527683
23.9836	0.116096
84.4503	0.0312688
89.3306	0.0529057
47.8804	0.0475975
95.6457	0.0490357
59.747	0.024324
27.2045	0.062685
32.737	0.0591348
98.2522	0.0611472
17.5811	0.106881
28.5103	0.182562
14.9491	0.0259985
83.1912	0.134306
47.0039	0.0558072
57.0527	0.161848
42.8578	0.0365226
4.55287	0.553524
64.1819	0.0506035
74.2741	0.0195754
59.8197	0.101448
87.3199	0.0520721
96.045	0.0334701
44.7176	0.0482633
74.4878	0.0362748
19.6978	0.0400328
39.4673	0.0585371
76.8247	0.0488982
18.0002	0.0210005
94.5035	0.0529069
16.3794	0.0365919
27.618	0.170392
38.542	0.0696537
35.5312	0.136272
14.745	0.0496846
91.2498	0.0128016
34.0783	0.0112413
16.1959	0.141145
59.7289	0.0609466
16.6237	0.170331
81.1145	0.299532
78.2686	0.0492904
38.5326	0.00879737
21.3256	0.088826
93.2524	0.0400866
78.4138	0.0490726
9.27176	0.151714
74.7914	0.0445658
48.6716	0.109581
19.5424	0.332097
86.8884	0.0528068
41.681	0.103037
36.8122	0.30317
10.0731	0.645612
87.3829	0.101848
82.8607	0.0400766
59.8968	0.0810783
59.7137	0.0536558
26.6394	0.0497688
70.1114	0.0876077
76.612	0.0349858
42.5909	0.0765053
42.1357	0.0666593
58.5074	0.0715886
64.772	0.026199
28.7444	0.131305
69.0738	0.0915461
76.4546	0.0369421
44.3575	0.0560881
57.4479	0.0250514
94.9025	0.0277173
17.7065	0.0267053
46.4539	0.0520765
72.3256	0.0356341
81.1578	0.0524363
34.9448	0.0610439
33.5894	0.186454
88.6491	0.0508638
56.5811	0.0332186
38.123	0.029168
26.1111	0.238094
96.8215	0.124821
60.2964	0.0104706
15.7857	0.0531024
73.8585	0.0163879
12.4249	0.114818
5.44337	0.189061
65.7859	0.051303
57.8365	0.0936189
50.4397	0.0528983
33.5471	0.0529216
97.2008	0.122257
81.4561	0.121012
23.7238	0.367501
58.9105	0.0923876
90.7711	0.0523173
64.6595	0.0470395
60.3233	0.10989
96.0056	0.0140571
56.3695	0.0561178
59.8936	0.04146
66.0835	0.0515923
9.9352	0.0563561
36.8161	0.130124
40.0961	0.0484034
82.3902	0.0436778
91.3056	0.111282
94.7839	0.0420528
31.6223	0.133398
68.9412	0.113735
88.561	0.0524173
68.186	0.0529314
37.5948	0.0804404
6.64125	0.300816
51.1978	0.0517663
85.3057	0.0335663
27.9079	0.096064
90.5727	0.0499145
66.624	0.118522
87.1426	0.0746129
88.0674	0.0435602
97.1121	0.0368356
66.2783	0.0640694
78.6322	0.00291157
15.9632	0.107782
58.3884	0.0376084
33.8257	0.0470306
89.5795	0.0425839
45.0347	0.0291689
41.1537	0.145914
95.975	0.0470005
54.5174	0.0993231
5.09871	0.17337
20.301	0.211518
81.7808	0.0661547
56.1753	0.0535567
38.365	0.145358
86.1588	0.0437687
56.2169	0.0521454
59.9091	0.10637
80.1268	0.051998
22.3368	0.398907
80.6361	0.0518765
9.36592	0.0381074
68.1834	0.0528275
62.3235	0.053788
89.2086	0.0382423
49.9923	0.0283328
54.0084	0.092714
96.4066	0.0796352
88.5124	0.0476047
24.1162	0.167709
87.5929	0.0501632
21.5772	0.053075
40.6984	0.0845587
58.2218	0.0349201
46.5793	0.0369239
77.3737	0.0217942
6.69977	0.034936
7.67731	0.36793
67.4364	0.0529325
80.5089	0.0253056
58.2848	0.0491099
25.044	0.0552132
21.1244	0.217196
60.8097	0.00713086
62.0432	0.0616197
13.6122	0.0733844
95.5923	0.024386
41.0601	0.11664
86.9207	0.0606319
100.408	0.0396287
90.8651	0.0264333
45.4561	0.0642501
28.0178	0.0265081
57.5195	0.0416748
55.975	0.0110014
89.6408	0.04123
34.5752	0.146911
3.32554	0.469677
9.27851	0.122362
81.9063	0.0525571
98.9965	0.0824947
31.3512	0.109369
16.1896	0.149121
27.229	0.200881
31.1726	0.0722686
28.9721	0.0610791
83.6618	0.0524992
19.4957	0.0199788
86.8207	0.140594
51.4466	0.0484715
89.136	0.0370202
38.9197	0.054958
44.6681	0.118728
23.7555	0.0426361
30.9957	0.114839
72.9631	0.0527701
74.8203	0.0251282
16.5662	0.105873
94.0509	0.0410863
85.0263	0.0468611
32.9573	0.159989
4.8161	0.372185
18.4202	0.18799
2.91234	0.630446
89.628	0.0989194
5.60084	0.0428044
80.0473	0.0398972
61.0505	0.0116972
25.5771	0.0350411
98.9988	0.0228515
71.4726	0.0483384
64.219	0.026121
41.8541	0.139996
58.2944	0.101585
19.2937	0.341419
72.2622	0.0814583
21.7352	0.0270548
44.3277	0.0676461
34.642	0.0389662
24.4146	0.217247
58.1036	0.0511148
44.1849	0.0345849
9.31688	0.05378
18.2223	0.115776
100.529	0.0329444
83.037	0.0270949
19.1439	0.155862
46.532	0.0900966
29.5679	0.0493809
90.0007	0.0524515
68.1492	0.0590979
81.5912	0.0235764
23.0371	0.279683
18.3482	0.109108
28.9883	0.104118
26.3621	0.147375
7.5594	0.121736
71.7998	0.0491251
75.729	0.0596637
58.9449	0.0758757
12.65	0.246448
29.8114	0.0324707
86.4335	0.0373027
33.2338	0.186235
57.3906	0.134935
32.7013	0.0820293
32.0925	0.045291
86.5779	0.0487816
4.57242	0.338989
58.3441	0.0421837
82.1648	0.0367324
53.724	0.0915965
94.1404	0.0246767
57.8319	0.0835501
12.0521	0.27814
85.8224	0.0519974
70.3869	0.0529015
57.9583	0.0521249
35.8638	0.0738409
95.0256	0.0529333
24.7787	0.0539431
62.5429	0.0523961
76.8966	0.0397433
97.9886	0.0143584
18.8871	0.0319714
57.3869	0.0767568
85.6269	0.0690185
19.5166	0.0739022
93.8296	0.0506486
95.2138	0.0271649
56.8617	0.0311051
21.4704	0.355112
12.1069	0.489089
30.2711	0.0516476
57.8539	0.195097
89.535	0.0501833
75.5726	0.0301857
57.4203	0.241056
47.0758	0.0799132
78.7887	0.0482561
47.5338	0.0489852
93.2873	0.0272836
87.795	0.0382038
52.894	0.041626
45.48	0.0640434
32.1499	0.105531
22.2604	0.021101
19.9413	0.0596727
36.7186	0.0421125
92.5022	0.0523445
99.7176	0.0679233
30.4795	0.0986642
56.986	0.0785111
98.9573	0.0156153
9.65252	0.0456843
86.7772	0.0515938
46.5331	0.0837591
25.7245	0.0199338
11.7024	0.12412
61.4772	0.0389961
100.293	0.0367703
23.5357	0.074495
86.0852	0.0836026
91.1479	0.044776
48.3391	0.132352
93.5358	0.0397122
24.3551	0.051308
23.4097	0.0502362
80.0361	0.0494258
84.3131	0.0528795
16.8485	0.2006
4.74193	0.264108
91.7613	0.0435901
73.8684	0.0579083
90.4881	0.0473061
25.5764	0.0525827
99.8545	0.0524297
18.7657	0.191904
39.2201	0.054629
47.3861	0.101998
9.64043	0.458696
65.5341	0.0244477
71.0734	0.0307248
88.9269	0.0382182
100.809	0.102678
12.4214	0.00116758
65.1903	0.0526827
89.4702	0.0262318


109.599	0.0326411
6.70616	0.428645
90.382	0.032337
13.1815	0.185088
84.7877	0.0500137
29.2475	0.0827256
34.4979	0.194645
48.1567	0.137772
11.6621	0.0550031
96.5999	0.0417395
56.6802	0.0391313
69.314	0.0643448
31.3309	0.057488
12.2672	0.0770402
68.2185	0.0933487
108.001	0.0530393
107.618	0.0205844
28.6808	0.0954281
38.9657	0.155179
58.2369	0.0461298
67.2292	0.0525265
12.9122	0.637045
31.3694	0.053733
74.5678	0.0637576
16.0151	0.124236
67.8021	0.265847
100.12	0.0113807
62.9868	0.084636
59.1035	0.071986
77.908	0.0567533
44.61	0.116399
88.3458	0.101295
52.9137	0.0821253
20.8429	0.185633
14.9032	0.0670816
78.2529	0.0454362
71.8098	0.071478
82.5643	0.0511888
82.9601	0.0467862
58.8004	0.0493523
44.7279	0.155041
62.688	0.0529845
99.0257	0.0369381
66.3435	0.0526553
41.4765	0.320485
31.7749	0.0675187
99.605	0.0506754
52.3682	0.0471026
107.221	0.0255329
47.4312	0.0658545
103.333	0.0251616
25.1507	0.0320964
93.2259	0.0739157
30.966	0.185287
12.6931	0.0988308
22.7973	0.167358
80.1184	0.0499651
104.222	0.0454018
8.01148	0.0394606
94.5375	0.0528744
70.4996	0.0515792
31.3528	0.12804
64.7219	0.0370524
106.943	0.0612558
6.96502	0.24569
14.6542	0.148061
42.2957	0.0749942
95.1438	0.0525107
87.9452	0.0529331
9.80968	0.0731983
74.7152	0.0339143
33.7004	0.0724148
17.4578	0.0792339
41.7017	0.0224594
105.796	0.0224146
74.3201	0.0412882
27.1406	0.193148
36.82	0.0391373
94.8103	0.0491216
13.1856	0.367498
21.7325	0.100992
59.9223	0.0937941
90.8924	0.095639
76.855	0.0511557
29.8513	0.164293
1.64595	0.0530212
38.6955	0.0598841
107.776	0.0350358
12.4864	0.0174308
74.5671	0.102838
20.7521	0.326817
58.2359	0.0238186
19.8185	0.260437
58.9826	0.0585767
86.0772	0.0664926
23.5705	0.0110767
34.2103	0.0633736
82.447	0.105712
76.4765	0.0403634
7.20977	0.135691
87.5921	0.0616752
102.332	0.016383
76.96	0.054801
75.6734	0.0283713
79.99	0.0885703
51.9216	0.0541312
50.4677	0.0868437
108.643	0.0945387
32.4426	0.233956
106.193	0.0187881
93.5148	0.0494951
35.4188	0.077537
34.6546	0.0550075
47.1898	0.0793611
50.011	0.0691866
59.0747	0.0371465
49.1533	0.138572
61.0571	0.0400953
41.835	0.105399
62.8323	0.0667468
104.894	0.0448519
9.65	0.0738632
88.244	0.0529253
72.2515	0.0137696
33.2706	0.282933
58.6704	0.0958678
45.9923	0.0573983
63.7153	0.05109
75.5254	0.0395356
93.1067	0.0468669
41.2921	0.0395136
33.4142	0.105896
55.5873	0.014823
73.1714	0.0510014
23.5702	0.3988
75.5547	0.0426005
46.2037	0.270907
68.3344	0.235755
22.4126	0.414608
91.7084	0.0523839
106.229	0.0219811
48.6278	0.0516989
57.2353	0.0384181
102.86	0.0354102
19.7946	0.209619
47.9637	0.0673747
40.0627	0.203869
84.7286	0.0715372
31.8633	0.0986368
66.3541	0.0753422
54.1115	0.115987
22.5249	0.127473
79.3984	0.0527814
76.4913	0.108986
30.3875	0.0773932
42.8367	0.05195
82.2423	0.0521719
38.4204	0.056233
22.0891	0.187327
9.6822	0.240623
73.009	0.146126
106.459	0.0245195
75.9181	0.0792387
104.745	0.0393665
61.4468	0.0541292
48.6803	0.0375456
49.4795	0.0618016
15.2804	0.487772
43.6628	0.016352
61.5396	0.0214613
80.4846	0.0524092
24.5802	0.115318
73.4358	0.105713
89.5057	0.052933
49.532	0.051308
99.5178	0.0516066
60.8329	0.0583496
27.2465	0.0613507
31.6252	0.0488964
98.4343	0.0611472
22.4158	0.107469
27.0194	0.17758
16.2469	0.0708774
80.4749	0.134482
47.1597	0.0486196
54.7722	0.147793
45.0275	0.0737144
4.86717	0.522348
64.8467	0.0528284
77.1244	0.0906471
51.0149	0.0486163
87.8238	0.0527979
103.34	0.0336143
51.7585	0.0741815
74.9531	0.0277443
20.7917	0.0651068
41.1957	0.111593
75.7966	0.0612074
16.3753	0.0540598
94.8037	0.0529124
19.2739	0.242124
18.9381	0.187454
35.7012	0.0949388
33.8365	0.291178
16.1285	0.0618184
101.63	0.00590295
29.297	0.0803218
17.8155	0.273652
60.3288	0.0746548
24.4692	0.214564
69.8115	0.285887
76.2236	0.0524179
36.2625	0.0681921
22.3268	0.183692
103.31	0.0400158
76.8668	0.020815
6.32712	0.214521
74.3911	0.0477225
41.573	0.0460161
17.1117	0.158087
86.806	0.0527326
51.0653	0.087484
39.3401	0.304676
6.95952	0.293416
92.0284	0.105468
74.6464	0.0352808
59.7648	0.0773753
61.306	0.0902717
25.0633	0.0263268
71.2077	0.0897966
75.515	0.0441372
51.9027	0.10327
45.7498	0.0852973
59.7516	0.0360441
69.4962	0.244786
43.1034	0.289864
69.2856	0.0912757
75.0462	0.0428242
47.9182	0.153074
57.7981	0.00353887
106.836	0.0252807
18.5099	0.0694832
50.4212	0.0333344
75.9992	0.0767621
79.6683	0.0517192
34.746	0.0608014
23.5838	0.148108
90.3903	0.0527224
57.5854	0.0264915
35.1163	0.0623954
23.317	0.158512
105.643	0.149004
60.9299	0.0525825
16.2415	0.107138
75.5172	0.114843
12.4041	0.115623
5.12262	0.106029
67.8531	0.117527
51.5226	0.0628787
50.4484	0.133274
32.1858	0.0807589
111.51	0.151636
78.3998	0.124833
15.3662	0.0720408
60.5134	0.113287
93.5566	0.092823
67.1946	0.0418402
63.0149	0.0670689
105.745	0.0103811
56.6483	0.0544277
59.9026	0.0415759
68.3296	0.0482389
10.9519	0.0625915
34.2719	0.131678
44.4368	0.0741897
77.1137	0.064474
102.467	0.111546
97.5662	0.0422032
32.7293	0.140126
71.6715	0.102874
89.2684	0.0529305
68.6412	0.0524469
37.907	0.078681
11.8514	0.304308
50.2023	0.0462457
81.752	0.0238491
28.2631	0.0946903
93.3349	0.0514651
66.7381	0.116175
85.8719	0.0756009
94.4221	0.0321926
104.694	0.03766
69.0729	0.0425774
75.6315	0.0513685
15.4261	0.120223
60.7295	0.0607432
34.4187	0.0425851
94.6764	0.0473079
46.8474	0.0209696
50.6536	0.157268
100.757	0.0470089
54.6358	0.0993443
6.19945	0.438816
10.6705	0.343272
76.0288	0.0651698
59.0829	0.0746573
39.5467	0.140744
88.9199	0.0529159
56.4764	0.0511127
60.39	0.102843
78.4564	0.0517405
20.381	0.287905
78.7287	0.0512065
11.3809	0.151108
71.016	0.0277285
62.3282	0.053796
95.2095	0.044732
49.4394	0.0248734
52.8208	0.0942388
108.192	0.0770284
91.6255	0.0517218
23.0565	0.120523
90.4931	0.115203
18.3054	0.0936934
41.7711	0.0815768
59.41	0.0608516
50.0435	0.0715275
75.5447	0.0474679
10.9488	0.529428
7.19231	0.283999
68.2863	0.106646
75.4341	0.0523025
58.3965	0.047001
27.0749	0.0314347
20.326	0.166681
61.1465	0.022116
62.0632	0.0616791
13.2713	0.0623313
107.057	0.0522297
36.4068	0.060152
90.3282	0.066722
107.254	0.043058
102.163	0.0236872
42.1999	0.02748
28.1703	0.0356065
54.8209	0.0540345
57.3949	0.0534957
93.9823	0.0605175
37.9495	0.203842
1.57228	0.301526
12.3364	0.150275
80.4149	0.0515444
108.33	0.0845088
30.4427	0.0773059
17.0905	0.104921
16.2272	0.242193
36.897	0.0708615
29.8582	0.0535308
81.3527	0.0485644
22.9444	0.23569
85.8993	0.139653
51.1468	0.048464
101.115	0.0309181
38.9181	0.0575335
51.6551	0.0786646
25.4554	0.0115961
37.0778	0.127902
72.6703	0.0357716
75.6297	0.0236627
17.9494	0.0418836
107.437	0.0393846
77.6259	0.0371763
33.0264	0.159427
4.32858	0.229554
23.2113	0.256403
2.8516	0.638283
93.1318	0.0989787
5.60033	0.0468619
75.9461	0.0496691
62.6917	0.0652244
28.8038	0.0323985
108.374	0.0314747
70.4124	0.149045
67.0693	0.0262679
39.0828	0.0629531
58.4734	0.0947772
14.5368	0.369725
72.7722	0.0821028
16.2325	0.184763
43.6169	0.0675072
27.802	0.131347
26.7384	0.211709
61.2311	0.0269406
47.7043	0.0657605
9.34302	0.0580272
18.5094	0.103725
108.529	0.0397405
74.6937	0.0245291
26.6057	0.171584
45.2802	0.0652809
30.5315	0.0571807
90.9337	0.052838
72.6881	0.0414971
75.1656	0.0524348
15.2937	0.183293
14.7126	0.130936
28.8585	0.0992071
22.5186	0.0107596
7.57781	0.12141
73.2122	0.0600336
75.1014	0.0602895
52.7782	0.110455
14.4177	0.408025
30.5115	0.039522
89.2467	0.0466588
29.7263	0.200544
59.5858	0.142842
29.9889	0.101758
32.0216	0.0417724
88.0266	0.0527716
1.70837	0.752784
59.4243	0.0581443
76.6395	0.120886
49.4313	0.0860672
103.377	0.024677
58.1277	0.0837885
16.0839	0.122195
84.4541	0.0462656
70.5126	0.0528086
58.5061	0.0155959
33.6497	0.0852826
95.0521	0.0529334
31.2635	0.235694
63.2631	0.0539915
77.1835	0.0541509
108.82	0.0179956
20.9657	0.0476072
55.0049	0.120349
79.557	0.0364891
21.2706	0.0368989
96.6556	0.0509617
103.097	0.0272072
58.7783	0.0437775
18.6907	0.348797
13.5099	0.661562
37.0145	0.0582824
59.8446	0.201309
89.0223	0.116572
75.3031	0.034948
58.087	0.238102
38.8364	0.0902131
76.6186	0.0321209
49.2473	0.0457435
105.079	0.0271776
93.1629	0.0479849
45.8404	0.107225
41.9782	0.0205117
31.8464	0.104907
22.1579	0.0138967
19.3947	0.0340186
36.6412	0.0724474
93.8172	0.0525635
99.8678	0.0679243
36.0974	0.0922483
56.9837	0.0785488
108.867	0.0284502
9.08042	0.0960226
87.1633	0.0524094
40.0741	0.293049
25.6733	0.0194474
11.2706	0.154709
61.8173	0.043296
107.708	0.0412721
21.629	0.036439
86.1978	0.0837861
96.0564	0.0470911
46.8996	0.0889753
100.256	0.0402024
24.0482	0.233305
23.2801	0.0855949
77.2429	0.0502434
83.0095	0.0512798
17.0787	0.193899
6.54074	0.259254
97.1643	0.0454321
75.6204	0.0813181
104.25	0.0465782
26.1211	0.0349139
101.305	0.0524479
20.2265	0.302465
40.4959	0.0680302
41.5789	0.277369
9.58773	0.446216
68.1492	0.012803
74.9539	0.0732054
94.8221	0.0453299
111.657	0.104755
12.4537	0.0570262
65.444	0.0529183
101.757	0.0190733


102.915	0.0481723
6.08875	0.301368
90.9293	0.0310169
16.9556	0.0519775
89.9247	0.0865403
36.6459	0.0595794
32.7665	0.137739
47.7559	0.137092
10.6318	0.0891382
91.6366	0.0571983
56.4734	0.0461185
71.6828	0.01509
31.3592	0.0649193
14.3754	0.102637
69.3511	0.0991161
102.347	0.0603593
98.4263	0.0335733
28.2466	0.0858633
30.5469	0.0490065
59.6143	0.0553772
67.833	0.0505811
12.8702	0.623326
32.558	0.0351553
71.7603	0.0391663
18.4004	0.0558655
73.4377	0.282631
90.8155	0.0294955
59.893	0.0858347
60.1192	0.0679278
69.3194	0.0619273
41.7719	0.110609
88.3356	0.101715
44.3041	0.0754853
23.6628	0.364524
17.0869	0.168413
81.8161	0.098848
71.0654	0.0727149
84.8772	0.0509944
88.1414	0.0677008
59.677	0.0755434
43.2505	0.149034
62.6897	0.0529851
92.7443	0.0399564
68.3819	0.0747705
41.0328	0.31892
34.208	0.0677067
96.6132	0.0506916
51.8977	0.058952
98.428	0.0351733
54.3674	0.0912736
91.9893	0.023098
29.8176	0.133234
91.4985	0.0739547
36.5392	0.17155
14.1593	0.0815768
31.3426	0.11244
81.3929	0.0654907
98.9004	0.0525556
8.15698	0.0784794
94.1147	0.0528962
70.262	0.0519128
30.4567	0.06241
65.5177	0.0384126
96.4377	0.102162
10.7179	0.141269
12.2049	0.034683
41.7096	0.0692998
94.0249	0.0537121
88.0297	0.0529283
13.7949	0.310538
71.5986	0.0342862
38.0754	0.171749
17.6824	0.0757193
42.3142	0.105939
96.378	0.0271172
73.4763	0.0248622
27.1195	0.187714
36.9426	0.036771
91.9887	0.051848
13.0381	0.360593
22.3134	0.110964
58.1745	0.0743257
92.7181	0.0904858
76.9181	0.0513645
26.9978	0.0292543
2.20114	0.42042
41.1599	0.0749285
100.601	0.0438642
12.3631	0.0798173
75.858	0.0985747
21.5509	0.347004
58.4395	0.0414065
18.3196	0.169011
59.761	0.0563666
88.5264	0.0645058
24.0076	0.0331402
32.8649	0.066503
82.0505	0.105951
70.5652	0.0561731
9.72308	0.555964
88.3666	0.0624947
91.8006	0.00666127
71.3581	0.0129052
81.8321	0.0502787
84.7033	0.107137
45.7801	0.0503837
47.0551	0.0925992
103.318	0.0884538
21.4532	0.225877
96.5104	0.0256061
92.1494	0.0503054
37.9142	0.0368228
30.6469	0.132449
53.1475	0.119827
45.8282	0.029487
61.869	0.0314907
52.5373	0.130752
62.1259	0.0319525
42.0342	0.0483087
62.7667	0.0470578
99.4555	0.0395895
13.3217	0.199191
88.7263	0.0527388
71.3716	0.0286647
35.1355	0.277727
58.8003	0.101183
44.7113	0.0480085
64.1224	0.0132403
72.3182	0.0479255
91.8183	0.0414466
43.4557	0.0497244
35.3086	0.0652741
52.4595	0.0282398
71.7956	0.0498244
22.018	0.286675
69.2358	0.080812
45.9882	0.275141
69.9142	0.235947
21.2882	0.346805
91.1732	0.0529056
96.8324	0.0283788
50.137	0.0238534
59.3689	0.035449
95.0852	0.035436
19.8932	0.203454
52.2743	0.0289167
38.1847	0.173902
90.8523	0.0821856
27.1936	0.0368746
66.6087	0.075201
41.7385	0.108646
25.0937	0.0685918
79.7046	0.0529333
75.263	0.107155
38.9716	0.20629
43.8198	0.0753114
83.6348	0.0523472
38.4226	0.0716406
16.6481	0.214785
14.4355	0.232687
72.6373	0.057438
97.2695	0.0190082
77.7913	0.138933
97.8017	0.0411162
61.1474	0.0656066
53.5123	0.0651852
52.0229	0.0784682
13.6272	0.30918
46.2524	0.118619
62.039	0.028329
81.3229	0.0528529
25.099	0.113267
78.8157	0.0808177
89.5473	0.0422468
50.0803	0.0528375
95.7301	0.0516966
60.7781	0.0548703
27.3049	0.0596761
33.1118	0.0504175
98.2526	0.0611472
17.6467	0.109239
28.3161	0.172063
15.839	0.0412269
81.7533	0.135437
46.9007	0.0359203
50.4372	0.157763
44.1088	0.0875416
4.71906	0.536511
65.5502	0.0471719
74.0635	0.0187191
47.4911	0.0895507
89.6425	0.0217532
96.0867	0.0339236
48.4585	0.0743538
71.5737	0.0664412
22.1481	0.0751118
39.2618	0.0743559
76.082	0.0605863
15.3445	0.0427637
94.5442	0.0529188
20.9612	0.354495
24.5316	0.0426113
33.7384	0.0876283
33.9073	0.289108
14.9126	0.0696122
91.6746	0.0172281
34.1495	0.0481527
14.0434	0.0692458
55.1187	0.0519289
17.5978	0.156391
79.6472	0.304771
75.4749	0.0500838
33.8965	0.0286277
21.8814	0.175119
93.2753	0.0397881
69.6816	0.02736
8.83339	0.0908981
71.5058	0.0507661
38.7435	0.0733801
9.86424	0.320882
88.2023	0.0508667
44.2916	0.0305761
40.5447	0.311316
10.0262	0.616228
90.9293	0.106906
74.2772	0.0290977
53.4913	0.029034
57.2216	0.0368645
27.5171	0.0397376
71.1777	0.0897194
74.498	0.057225
42.5742	0.0959038
46.6062	0.110857
57.1144	0.0755274
71.0363	0.245011
44.2731	0.261145
69.0489	0.091571
71.3547	0.0354699
47.0991	0.135055
58.246	0.0236921
95.3274	0.0167993
18.6428	0.0595608
49.7141	0.0208186
74.8401	0.0550185
80.8011	0.0528591
35.1532	0.0461134
27.1978	0.0614198
90.7217	0.0427144
58.823	0.0465014
34.158	0.0423596
15.1514	0.268734
96.6244	0.160678
61.5639	0.047294
15.3912	0.0236967
72.3987	0.0738208
12.369	0.11739
4.47405	0.0797995
69.0852	0.11497
48.9237	0.0940229
52.061	0.132277
29.8711	0.0610426
100.538	0.159083
82.9404	0.123293
21.3305	0.131651
57.0282	0.0796071
91.1421	0.0937092
69.3112	0.057359
62.3003	0.0833617
96.3319	0.0103772
55.5328	0.0574899
59.9153	0.0417366
70.0273	0.0333562
11.8612	0.0706741
35.3366	0.136243
43.3834	0.186549
80.2184	0.0532524
92.0764	0.117546
94.8749	0.0411422
32.7658	0.150863
72.2681	0.0922134
89.8496	0.0524567
68.7993	0.0520768
36.9975	0.08311
7.12902	0.254577
51.1566	0.0744156
91.0341	0.0518116
28.6787	0.0875837
91.7974	0.0613547
67.06	0.116258
88.481	0.0109772
91.6358	0.0957379
97.3751	0.0393499
70.9018	0.025887
70.8379	0.0122194
15.9073	0.102717
58.7472	0.0893723
34.2168	0.0345502
91.6345	0.0337951
46.4391	0.0488192
45.7454	0.184418
95.9796	0.0470247
53.9182	0.100809
7.16007	0.665159
20.2918	0.210982
69.0974	0.0545301
61.9395	0.0515543
40.6921	0.142854
92.7984	0.0629222
55.8765	0.0528495
60.9347	0.076286
79.187	0.0528975
13.7802	0.115042
79.7961	0.0529335
14.0593	0.42417
72.0742	0.142472
62.3349	0.0551655
91.5056	0.0516114
51.7162	0.0950837
52.1684	0.0997503
97.9935	0.0689212
91.2306	0.0486944
18.636	0.0844091
90.6349	0.115121
25.1839	0.243215
42.3466	0.0773488
56.8254	0.01502
48.0309	0.0713337
70.8004	0.0335614
10.7848	0.502574
4.12802	0.254346
68.7533	0.106182
71.1888	0.0670473
58.3017	0.0689734
31.0509	0.175782
26.2679	0.328943
61.5949	0.031393
62.0242	0.059872
11.8945	0.0604308
98.9196	0.111179
31.3326	0.129325
91.6352	0.0630649
101.765	0.0481263
91.3005	0.0135956
47.9642	0.197363
24.582	0.0728501
50.4936	0.00970812
58.6186	0.03089
91.8171	0.057296
41.5965	0.187778
3.30326	0.454113
14.5411	0.36148
81.8648	0.0526158
100.265	0.0883649
25.2901	0.151766
17.9915	0.0570316
28.018	0.205671
36.8364	0.238035
30.5181	0.0273276
84.6939	0.049327
24.4381	0.312298
90.2736	0.151451
51.5257	0.044589
90.3924	0.0126902
39.1534	0.0807625
46.9304	0.0984352
26.5062	0.0837345
32.8335	0.143683
72.4221	0.036454
71.6651	0.0113789
19.8432	0.0993073
94.9809	0.0547897
87.832	0.0248435
33.3149	0.143928
4.72658	0.33464
27.2403	0.0620368
2.97959	0.621981
89.8464	0.0984918
5.57821	0.0418521
75.2777	0.0455571
64.2395	0.0571186
32.1445	0.138462
100.822	0.0434851
69.1015	0.147032
70.5581	0.0773478
31.6866	0.129172
58.5402	0.0940016
15.3916	0.354004
71.1762	0.0862632
24.209	0.164768
43.9854	0.0672403
36.1397	0.0827442
28.0997	0.175537
61.9858	0.0449687
46.2776	0.196673
9.29521	0.060572
19.0549	0.0453051
102.675	0.0486152
75.5257	0.0411377
23.0952	0.0912523
39.6858	0.050707
30.5098	0.0624068
90.8031	0.052905
75.0487	0.0624126
73.5957	0.0366888
18.1326	0.0953156
18.1881	0.103521
30.3426	0.121714
21.0934	0.10452
8.41466	0.0953235
71.6838	0.0690162
74.4305	0.0596653
48.1879	0.137548
14.5459	0.413701
31.4615	0.0465189
92.0318	0.0312957
35.4492	0.199341
57.3771	0.136148
26.7355	0.255821
38.1191	0.146897
91.6295	0.0381653
9.67443	0.38285
56.6593	0.0171798
74.3482	0.112252
52.137	0.0880229
94.1405	0.0246777
58.046	0.0562884
20.6664	0.137116
91.9226	0.0294268
70.3836	0.0529031
58.8912	0.0535549
36.3887	0.0867013
95.0285	0.0529334
21.7733	0.101061
63.9866	0.0574529
70.8961	0.0881438
99.8883	0.0383409
23.6172	0.15924
51.1466	0.105501
91.3869	0.0361733
21.9711	0.114225
94.0987	0.0514227
95.2231	0.0273018
60.7641	0.0380377
20.9587	0.358275
12.0402	0.484163
30.4482	0.0400456
59.4773	0.199686
91.5264	0.118388
71.0582	0.0470454
58.1686	0.237999
47.9549	0.0640078
69.5071	0.0196362
48.0577	0.0475838
93.3059	0.0268704
90.8516	0.0588695
55.3501	0.0976045
49.9472	0.0880756
30.9089	0.107014
22.1824	0.0133443
22.7668	0.118463
36.6386	0.0900358
92.8687	0.0527868
99.7374	0.0679254
31.3667	0.0762423
56.9522	0.0824701
101.099	0.0436109
7.50145	0.214916
90.9946	0.0517066
40.0872	0.295264
25.49	0.0266195
15.8708	0.26337
62.2642	0.0475825
101.886	0.0477829
25.38	0.0758358
90.2337	0.0768214
92.2334	0.050249
38.7147	0.0612444
93.7063	0.0411976
22.0097	0.237946
23.0689	0.0810675
77.8527	0.0521824
85.3911	0.0506964
17.2152	0.187867
4.82745	0.255071
92.5557	0.0483163
72.5647	0.0501697
90.6909	0.044116
26.0699	0.0399767
99.8879	0.0524749
20.7518	0.330958
41.0624	0.0462445
55.2248	0.296016
7.74222	0.171927
70.2943	0.0504979
74.9357	0.0728905
91.434	0.10801
104.788	0.112572
12.3389	0.0388498
66.598	0.0970462
90.4813	0.0308636


106.486	0.0515468
6.06961	0.291135
88.2958	0.0261926
19.2588	0.222033
83.2962	0.0846011
30.979	0.0410026
27.3479	0.0603682
48.0639	0.139056
9.90595	0.0196939
94.9662	0.0594457
56.0429	0.0460678
72.3222	0.0355151
30.9721	0.0865968
11.5367	0.122633
69.5488	0.100382
105.614	0.0623062
104.392	0.120525
25.741	0.0699371
37.2213	0.0748636
60.7107	0.0223958
68.0374	0.0495317
11.9171	0.514657
32.7318	0.0570422
67.8128	0.055784
20.6861	0.160383
76.5365	0.300535
98.6541	0.0410505
53.7939	0.106507
61.0597	0.0894569
67.5392	0.045761
42.9028	0.104804
87.1966	0.101342
51.7647	0.0781711
23.1875	0.334985
19.0752	0.307096
82.2714	0.0991508
69.8672	0.0593271
83.3384	0.0527655
81.7597	0.0749211
60.501	0.0759982
40.3717	0.144012
62.6919	0.0529858
98.4575	0.0417205
69.6501	0.0605143
40.4007	0.318938
31.6801	0.0765906
99.5945	0.0507077
53.4815	0.0584064
106.159	0.0388149
47.1343	0.0721539
103.214	0.0221787
23.2003	0.117852
89.4455	0.0876076
29.7668	0.172594
13.5022	0.110841
29.7648	0.0503547
82.2506	0.068665
104.199	0.0270131
8.75724	0.0864869
94.4338	0.052915
69.5056	0.052554
30.917	0.0527792
66.2435	0.0353649
106.406	0.101186
14.6324	0.584808
10.2744	0.188718
45.0454	0.0674442
94.6419	0.0400377
87.8748	0.0529238
9.14539	0.130805
70.9463	0.0268413
35.5163	0.182038
17.82	0.0873957
46.4743	0.0923244
105.03	0.0488703
83.4143	0.0407281
27.1984	0.188578
37.0863	0.0341276
93.3197	0.0528062
8.69636	0.160031
22.6321	0.128146
54.0034	0.0707184
84.709	0.0786409
79.4665	0.0490254
22.0814	0.11838
1.02746	0.334654
42.4584	0.117068
106.14	0.0472469
12.5042	0.0390703
80.4247	0.105468
16.0534	0.0996142
58.8295	0.0270864
15.2113	0.0637253
59.8116	0.0559048
85.2055	0.0642559
24.337	0.0467652
33.6827	0.0785843
83.6867	0.106351
68.2758	0.0327823
9.53849	0.528633
85.9789	0.0639798
102.043	0.00733884
65.5757	0.0841909
81.6451	0.156819
82.6754	0.0640916
50.5439	0.0701248
49.3478	0.0954593
105.377	0.0874486
32.1624	0.221293
105.27	0.0531864
92.5553	0.0505188
30.0616	0.120065
40.4905	0.099789
56.3411	0.0872523
46.5884	0.0787038
63.9871	0.0913605
52.2635	0.134033
60.8919	0.0450308
41.4309	0.0468442
62.8016	0.0440934
104.333	0.0247944
8.43419	0.210157
87.7438	0.05252
69.2314	0.0322526
38.8398	0.289515
58.8426	0.101582
40.5935	0.0978272
64.5901	0.013414
67.3741	0.0179412
87.7848	0.0231645
46.4034	0.0361032
34.9153	0.0772739
52.5697	0.02442
71.4978	0.0829954
19.8998	0.148416
77.5292	0.0131079
42.2214	0.288229
70.642	0.239676
15.1438	0.0979999
90.1814	0.0521292
105.897	0.111999
57.9367	0.0963505
61.6043	0.00702238
102.856	0.0354526
21.0877	0.202834
55.5141	0.0742409
34.2854	0.183489
82.6761	0.0823844
24.4964	0.133242
66.7642	0.0750174
53.8213	0.10797
32.3112	0.225062
80.0482	0.0527704
77.5956	0.106344
28.0417	0.155689
43.3968	0.0651965
82.9634	0.052933
38.4019	0.0736143
23.8869	0.249362
11.8025	0.135628
69.7248	0.0176795
105.777	0.107861
82.742	0.131638
104.135	0.113254
61.1358	0.0805189
44.9795	0.0849853
54.5917	0.0431601
12.478	0.171561
47.6926	0.116807
62.6265	0.0344149
81.4448	0.103361
25.2509	0.105487
84.5767	0.108725
89.1749	0.0422108
47.226	0.0450155
99.4733	0.0517773
60.8383	0.0576464
27.3974	0.052775
32.5378	0.0663872
98.4339	0.0611472
22.3726	0.121328
29.3307	0.166355
13.9559	0.0605775
83.147	0.134376
47.1038	0.0327079
52.9547	0.137103
41.5887	0.0493955
7.21853	0.286129
66.2206	0.048193
67.1355	0.0226316
57.8143	0.101296
85.6706	0.0269682
103.29	0.0341539
48.2256	0.0738467
68.2397	0.0510243
23.1865	0.021964
35.2895	0.0215854
77.0512	0.0610607
17.3806	0.034561
94.7534	0.0525661
21.5717	0.392486
28.2429	0.206625
36.9515	0.109246
33.8812	0.267246
13.0803	0.0567393
101.176	0.021098
33.9235	0.0377549
10.5418	0.261376
49.8732	0.0866553
25.733	0.311593
85.8523	0.291595
77.7474	0.0514361
36.5096	0.0710496
21.0941	0.141753
103.287	0.0397177
68.5181	0.114169
9.5057	0.176126
70.367	0.042725
47.4733	0.0567435
17.0988	0.130743
86.0275	0.0503836
48.8641	0.0122211
39.6812	0.307061
6.72059	0.320863
88.3404	0.104714
82.6887	0.0362861
49.2472	0.0917347
51.1114	0.0675507
26.3069	0.100154
70.081	0.0882667
74.6741	0.0569315
51.9982	0.0561589
44.4268	0.0510763
52.9354	0.0590936
71.9441	0.244172
39.749	0.321669
68.5234	0.0917571
71.5758	0.0378748
42.3513	0.0317457
58.848	0.0652174
106.391	0.0118362
17.7961	0.0306054
47.0764	0.0424492
69.503	0.0544279
81.2991	0.0521638
34.5839	0.026682
34.4193	0.225776
88.2197	0.0395829
60.1678	0.0528499
37.5365	0.0563413
24.4552	0.21356
104.815	0.160458
62.3604	0.0542927
14.0756	0.0275168
66.798	0.0774589
12.3214	0.128605
3.84018	0.123874
69.5197	0.113344
56.2237	0.0810627
50.7143	0.13342
31.4658	0.0816685
108.273	0.161285
81.7891	0.12129
19.9818	0.157358
51.7485	0.102511
92.4149	0.0941661
70.5067	0.0769562
58.2805	0.11392
105.385	0.0148738
54.2772	0.0479495
59.9316	0.0419402
70.4758	0.0209826
12.155	0.0879747
36.6863	0.111822
43.5996	0.204769
82.834	0.0709102
101.259	0.059373
97.6603	0.0548019
31.8465	0.139374
70.709	0.108414
88.1189	0.051476
68.567	0.0525842
35.4678	0.0439428
12.0158	0.330782
49.8529	0.101479
80.9986	0.0275488
29.1787	0.0780133
89.8978	0.115755
67.3764	0.116515
86.9464	0.0448396
91.5451	0.0542603
104.394	0.0403807
71.2393	0.036026
73.6347	0.0487079
16.3379	0.113828
54.5271	0.0922779
34.0092	0.0424235
92.0614	0.0322979
45.6981	0.0416136
46.4321	0.185322
100.752	0.0470381
53.667	0.11112
8.04447	0.875417
21.4108	0.27383
76.2403	0.0637458
63.7879	0.0741607
41.8304	0.1483
83.5821	0.0533659
55.0824	0.0517149
61.7206	0.0676604
80.3556	0.0719502
10.1153	0.356107
84.6933	0.171779
15.4249	0.572126
71.6137	0.143774
62.3437	0.0554703
92.7187	0.0532677
50.2732	0.140825
53.5029	0.101037
106.619	0.0667997
88.8578	0.0477964
17.3991	0.140472
88.6402	0.114269
14.8208	0.274196
42.1392	0.0795576
53.1002	0.0124817
48.6383	0.0723006
71.4429	0.0419996
7.63835	0.026995
5.3159	0.0273321
68.8008	0.106109
77.4489	0.0421634
58.4815	0.0471101
20.8467	0.209002
17.6337	0.212856
62.1325	0.0383296
62.0589	0.0599777
12.1927	0.0149073
105.924	0.112249
38.3722	0.0332035
88.3804	0.148814
105.734	0.0504067
102.179	0.0504684
44.0909	0.168824
22.6444	0.0737646
52.9867	0.0555271
60.7514	0.0279588
91.5093	0.057604
44.4423	0.156358
1.03191	0.543145
16.1155	0.48589
81.9266	0.0525265
106.844	0.0904394
27.1733	0.146984
19.7556	0.0307132
23.8965	0.0835588
32.0398	0.20871
30.6038	0.0365373
82.9959	0.0529186
24.5167	0.285543
84.6406	0.147041
52.0944	0.0931736
99.824	0.0228764
39.1659	0.0775458
49.4968	0.098137
26.5753	0.0902006
35.2989	0.147477
72.3629	0.0364038
67.3934	0.0538379
21.358	0.159867
106.514	0.0805832
83.1734	0.0528854
33.6047	0.137846
3.09149	0.0889922
25.6363	0.133759
5.08559	0.351564
92.4542	0.0978123
5.56488	0.0401078
79.6661	0.0437125
65.9895	0.0688472
21.3887	0.20165
106.405	0.0473826
67.4588	0.147914
72.4934	0.0375784
34.1578	0.0633589
58.6046	0.107559
18.9577	0.352108
69.2582	0.148804
22.7619	0.0819448
44.3813	0.0634003
33.8137	0.0603211
29.3333	0.109046
60.0591	0.0157186
49.7793	0.195917
9.18607	0.0271211
19.0128	0.0435502
106.192	0.0514015
83.3488	0.063693
20.6355	0.126837
38.0915	0.112714
29.9726	0.100664
90.1194	0.0540289
73.4307	0.0270981
80.2407	0.0661555
22.8258	0.286321
16.6724	0.157178
30.7986	0.140131
24.7869	0.0683096
7.05856	0.0841321
68.9534	0.0669889
74.9117	0.053354
55.0647	0.126629
14.5496	0.412706
32.1153	0.0263414
84.1612	0.026589
32.1551	0.156351
53.0569	0.139844
27.086	0.251686
30.9057	0.167045
83.8167	0.00481407
12.2191	0.756711
52.7172	0.052061
81.9386	0.112167
54.2467	0.0913181
106.174	0.16162
58.2501	0.0561106
22.4724	0.26854
81.1696	0.0353726
70.128	0.0529013
58.9326	0.0541447
35.3151	0.0869034
95.0484	0.0529335
29.3312	0.254851
64.7359	0.0576846
65.4787	0.0605618
107.245	0.00770126
16.066	0.189188
53.0263	0.118499
81.332	0.0918886
21.2787	0.0566864
96.3271	0.0518074
103.086	0.0273674
62.41	0.0303912
21.9365	0.353364
4.75165	0.414898
36.1864	0.0209194
56.9934	0.193884
86.9032	0.120135
68.7686	0.00518652
57.6147	0.238524
47.1567	0.0778565
70.1086	0.070061
48.6255	0.0482991
104.951	0.0432466
88.8569	0.061709
49.0417	0.127747
41.6412	0.0417949
30.9427	0.105265
22.282	0.00320558
17.2587	0.14001
36.6308	0.0982655
93.3834	0.0529097
99.8478	0.0679261
35.1572	0.0275057
56.9578	0.0823808
106.58	0.0478381
8.07616	0.15371
83.3856	0.0522255
40.1632	0.292851
25.6454	0.0665042
16.6531	0.298257
62.7879	0.050815
105.943	0.0503974
21.5164	0.0380989
83.4729	0.0730314
94.8206	0.0517823
36.6176	0.122875
100.059	0.0418585
24.1268	0.241402
23.2141	0.0801544
80.2853	0.0215926
83.5593	0.0525227
17.4405	0.174912
6.42163	0.250241
96.2515	0.0499567
67.4204	0.0635424
104.046	0.0433452
25.4649	0.0570942
101.262	0.0525045
20.7095	0.330223
42.0064	0.0156371
49.7272	0.325199
4.36352	0.338572
70.9366	0.0921584
70.9308	0.0575048
91.2769	0.0219155
107.339	0.114102
12.3207	0.0522079
66.797	0.0966973
100.768	0.0317953


106.521	0.051466
7.45952	0.514646
92.755	0.0878815
14.9849	0.0944578
90.0993	0.116524
31.2255	0.0401649
23.1313	0.198609
48.0289	0.139064
10.7342	0.0966224
93.7812	0.061085
55.8435	0.0466958
70.9809	0.0177657
30.7092	0.0887595
12.9927	0.0754105
68.5655	0.104374
105.086	0.0630619
98.0076	0.119306
30.2579	0.0546016
33.2214	0.0742127
61.6484	0.0344571
67.7692	0.0508662
6.23111	0.209443
32.8198	0.147724
67.2808	0.0646034
15.3912	0.156957
76.5642	0.30072
92.8579	0.05134
49.6039	0.0847709
60.9661	0.0973156
76.2066	0.0470179
45.2662	0.112737
89.0987	0.101024
45.8438	0.0452979
20.0102	0.148246
20.1256	0.383143
79.2149	0.0990255
69.8505	0.0592781
82.9906	0.0522664
84.7148	0.068011
61.2901	0.0740872
39.2244	0.125383
62.6945	0.0529867
93.5175	0.0450999
69.9585	0.0561667
40.5873	0.357138
33.1807	0.0842852
96.6272	0.0507342
53.3382	0.05782
99.8968	0.0465474
50.9817	0.0428142
92.1751	0.0178047
28.4556	0.0286525
95.2279	0.0780418
36.7818	0.168498
12.1089	0.0733739
23.4237	0.146434
79.2893	0.066983
98.9373	0.0414484
8.75289	0.0771881
94.2351	0.0529288
68.891	0.0514031
32.1409	0.0628316
66.7814	0.0303982
97.5697	0.097221
3.7611	0.595404
12.9921	0.0494112
43.8741	0.0642556
94.3877	0.0401186
88.0469	0.0529252
10.3036	0.0295055
73.872	0.0459086
33.9806	0.173921
17.7505	0.0722022
43.6968	0.111553
96.5604	0.0459776
80.3358	0.0513319
27.3547	0.184136
37.2921	0.0419125
93.6352	0.0524595
11.892	0.280933
22.7894	0.135127
51.8693	0.0949951
96.4152	0.0607008
78.2593	0.0527466
22.0465	0.120212
2.18667	0.410818
42.5749	0.123141
102.695	0.0520909
14.6075	0.262225
77.7484	0.0972555
10.3249	0.33543
60.6272	0.111529
12.3559	0.222538
59.1207	0.060835
85.6003	0.102546
24.5714	0.0164842
33.5349	0.0779968
82.1956	0.105838
73.6165	0.0710216
6.56878	0.1122
89.0377	0.0641875
92.2417	0.0205182
67.0075	0.0774262
74.2389	0.160465
79.5359	0.0582858
48.3183	0.0840734
48.4577	0.105331
106.853	0.0893952
22.6648	0.186202
97.9532	0.056642
93.1574	0.0501306
39.2383	0.145561
40.7807	0.136525
48.2484	0.0920415
49.4249	0.0456776
65.1178	0.109115
49.0619	0.147282
57.8491	0.0734808
41.6514	0.0455304
62.8104	0.0440934
99.7721	0.0279015
13.2796	0.195291
88.4589	0.0521823
67.8645	0.0127885
34.9302	0.276495
58.8913	0.100436
37.2516	0.0641231
63.3618	0.105946
66.5364	0.0250865
95.3763	0.106103
42.5005	0.0442718
33.1602	0.0809389
55.7021	0.023712
72.3829	0.0840458
18.4578	0.103661
82.116	0.0802487
37.4566	0.287872
70.6499	0.239719
11.3811	0.2596
92.512	0.0503129
98.4803	0.0832012
52.7753	0.0562853
63.6265	0.0682198
95.0908	0.0354979
18.8279	0.197364
48.5544	0.0639033
34.0327	0.185548
89.2455	0.0751965
29.1112	0.0369437
66.7243	0.0725475
42.4854	0.0700629
24.4502	0.0503481
79.4866	0.0528539
78.1789	0.105298
33.9114	0.094873
41.7269	0.0233071
82.3709	0.0524144
38.5445	0.0591431
16.1169	0.230338
11.6434	0.141471
67.0263	0.0234887
97.1654	0.0722488
78.0853	0.134003
100.687	0.110333
61.1691	0.0790974
53.6632	0.0701735
50.1428	0.0583369
12.6297	0.185314
45.7927	0.029596
63.2701	0.0379829
81.1479	0.103163
25.0901	0.108616
75.3589	0.118133
89.6232	0.0422036
51.0598	0.0708192
95.7895	0.0519204
60.8975	0.058145
27.396	0.0620616
31.7861	0.0728338
98.253	0.0611473
17.9645	0.080303
27.3273	0.167686
12.9494	0.0656417
80.9644	0.146645
46.9083	0.04204
57.8093	0.101446
38.5917	0.0761318
11.82	0.117782
66.4974	0.0135047
63.2986	0.093939
57.0171	0.0877094
89.893	0.0243732
96.1608	0.0347019
52.0762	0.042586
70.3382	0.081087
23.4359	0.100256
33.2055	0.092364
76.6164	0.0587085
17.3464	0.052668
94.5966	0.0525716
21.0937	0.362812
19.9685	0.143398
38.6698	0.0927893
33.4244	0.262105
14.6926	0.0895257
92.3519	0.0308382
29.3405	0.0894463
14.2186	0.0651877
52.8021	0.0448674
14.1439	0.30566
74.7171	0.316156
77.878	0.0509921
38.6209	0.0277117
20.4181	0.141073
93.2911	0.0420133
74.3698	0.107092
6.33986	0.216689
72.7842	0.0532394
47.1129	0.0527746
19.0938	0.28074
88.0861	0.0511503
47.2309	0.0442278
36.8996	0.307443
4.49478	0.217815
93.961	0.0993019
79.662	0.0395954
54.2893	0.0658873
50.9789	0.052344
25.7364	0.0871527
68.9388	0.0896598
75.7384	0.0571993
43.0127	0.0455597
40.2491	0.0578417
52.2673	0.058867
71.3318	0.244817
31.9367	0.296329
68.0731	0.0914033
75.4816	0.0338634
36.1405	0.119434
59.3885	0.0737982
96.0083	0.0205551
16.5996	0.0242852
52.3428	0.0730508
63.797	0.0623807
79.7341	0.0518907
34.8679	0.0335073
27.8558	0.046797
92.128	0.0387409
61.5112	0.0538235
37.7696	0.0815656
23.8899	0.177263
96.9856	0.146308
64.6754	0.118714
12.9626	0.108911
64.0352	0.10483
12.3514	0.126287
3.75861	0.144564
68.9742	0.115324
56.3501	0.0761355
50.8948	0.151997
33.5761	0.0742639
104.84	0.164555
78.3044	0.125131
22.2983	0.148303
51.4225	0.106712
92.4656	0.0941419
70.6218	0.078506
53.6102	0.109847
96.8641	0.0236768
54.6354	0.055596
59.9514	0.0421846
69.5925	0.0387599
11.0273	0.0868336
34.1528	0.112268
43.7751	0.219049
77.6417	0.0609716
92.0218	0.069015
95.0411	0.0549978
30.3082	0.130845
67.8417	0.144584
90.5232	0.0508659
68.0818	0.052923
36.0568	0.0440381
7.92927	0.194811
50.1835	0.126812
86.4174	0.0380819
29.6366	0.0785685
93.3038	0.114496
67.5376	0.116384
87.7416	0.0454705
94.46	0.0750186
97.7981	0.042755
69.9501	0.0217239
78.3916	0.00765073
15.8913	0.11491
51.939	0.0586313
34.7468	0.0256308
94.0644	0.0263521
47.3757	0.0261552
50.1705	0.16744
95.9873	0.0470648
54.3048	0.104404
5.26089	0.230104
12.9185	0.192093
81.9052	0.055316
64.9296	0.101613
42.7875	0.158356
95.547	0.0399116
55.0169	0.0514434
62.5781	0.0631245
78.9882	0.0723532
17.7811	0.110841
80.4997	0.173958
15.8499	0.613767
69.0493	0.116827
62.3544	0.0554873
94.1821	0.050448
50.6033	0.132528
53.9654	0.100001
100.113	0.0580538
93.3949	0.0411501
21.2061	0.00403232
92.0943	0.114319
25.3897	0.272182
41.248	0.0850156
52.3545	0.0406494
49.4634	0.053352
76.4373	0.0548319
12.2443	0.704092
7.57904	0.362139
68.402	0.106573
80.2161	0.0466877
58.7045	0.0417484
31.554	0.216808
20.6977	0.168988
62.7305	0.0426298
62.1737	0.0617977
13.6132	0.0274314
100.16	0.114418
40.6453	0.119637
94.4862	0.147577
103.628	0.0527739
91.9602	0.0552147
38.8266	0.197741
24.9435	0.0885197
56.4334	0.117884
62.6928	0.0532274
93.8739	0.0633884
45.9828	0.0871119
2.18112	0.0334858
13.7026	0.262516
80.4158	0.051547
102.304	0.0937508
30.8539	0.0479689
21.3403	0.119371
18.3629	0.136434
37.0207	0.237033
30.1218	0.0534164
81.7131	0.0502252
24.3146	0.291068
90.3102	0.14388
51.4801	0.104967
92.258	0.0423486
39.1711	0.0901219
49.3122	0.0971441
25.8029	0.0306598
35.2313	0.150448
72.5848	0.0364978
68.2691	0.0411502
21.7738	0.183461
94.1802	0.0791335
78.6695	0.00940926
33.9616	0.130894
3.67396	0.0932179
24.5931	0.189713
8.86351	0.0773612
90.9535	0.097195
5.5585	0.0505637
78.7497	0.0498795
67.5285	0.0566962
33.4432	0.177605
103.315	0.052573
66.7422	0.14405
72.5383	0.0359741
41.036	0.131178
58.7527	0.109241
20.6951	0.384135
69.503	0.135791
15.6947	0.21631
43.665	0.0704742
28.3878	0.106411
30.4083	0.0891355
56.5333	0.0456002
46.0085	0.19556
9.35408	0.0268175
18.7659	0.0284856
105.424	0.0526661
78.8041	0.0155051
27.3685	0.243408
42.7254	0.0658686
28.944	0.108293
91.5026	0.0535542
69.1189	0.0769079
80.9788	0.14104
18.7552	0.324045
16.445	0.162446
29.0211	0.132532
26.8438	0.109497
8.37297	0.102662
66.5926	0.127752
75.5961	0.0528179
57.3159	0.135665
14.5013	0.411367
32.282	0.0321334
94.4841	0.040726
31.294	0.171657
51.8473	0.148751
27.9767	0.240807
37.2384	0.169309
93.0503	0.0124101
10.789	0.553877
52.418	0.0608593
80.437	0.118765
49.8379	0.0993338
97.4005	0.150436
58.3308	0.055979
21.2845	0.19267
92.1291	0.109695
70.0025	0.054443
58.5114	0.0366987
33.8288	0.0927041
95.0501	0.0549465
35.0348	0.105252
64.1465	0.0826001
69.6902	0.056664
101.816	0.0313141
24.8616	0.216525
57.1445	0.109242
84.6973	0.101845
19.5359	0.0886706
94.5092	0.052288
95.2393	0.027539
63.4845	0.04103
19.0582	0.354873
9.74264	0.204422
31.5027	0.044976
54.2107	0.196071
92.4268	0.120606
72.026	0.0503451
56.6707	0.236019
39.0868	0.0688416
77.1373	0.0745981
48.7424	0.0480915
93.2076	0.0430529
93.9303	0.0695348
48.2749	0.12953
45.8367	0.0598117
31.8803	0.105804
22.24	0.0471491
22.5859	0.100968
36.8323	0.0972913
93.3476	0.0529198
99.7578	0.0679269
32.8779	0.0233274
56.967	0.0822333
103.961	0.0528743
8.22646	0.138149
90.825	0.0260522
40.0638	0.293717
25.8378	0.0494564
14.9422	0.230038
63.3592	0.0526762
104.036	0.0528911
23.8083	0.086811
90.1228	0.0773948
93.7005	0.0529245
44.7176	0.029726
93.9832	0.0433504
22.5351	0.239966
23.166	0.0976047
78.1051	0.0118358
83.6019	0.0525838
17.6753	0.165063
5.35484	0.218657
93.704	0.0520803
66.598	0.0374338
91.0231	0.0385633
24.69	0.0526282
99.9425	0.052544
20.1479	0.29181
41.5926	0.117334
47.6142	0.323462
5.74798	0.150993
70.3171	0.0968102
65.1592	0.048378
94.969	0.0691103
109.598	0.111184
12.4909	0.0281602
66.7724	0.0967456
91.9988	0.0472051


102.88	0.048018
7.28165	0.474711
88.2488	0.0867326
13.0058	0.201453
86.5118	0.120582
36.1066	0.109449
26.7915	0.0762604
47.7573	0.147314
11.7348	0.0305995
93.1377	0.0778356
56.0525	0.0471652
70.5635	0.141688
30.0463	0.142156
14.2196	0.0376009
66.9795	0.104022
102.87	0.0617534
103.791	0.119006
24.1475	0.0794617
34.7858	0.0234432
62.3193	0.0619866
67.1247	0.0526982
9.27276	0.189006
32.5189	0.138805
70.9084	0.0420059
19.3785	0.137273
73.9848	0.273788
96.7928	0.0529546
52.9672	0.018667
60.2198	0.100039
80.1086	0.0709398
43.2408	0.104467
87.0644	0.101183
50.3776	0.0461348
17.4897	0.108193
20.0589	0.378618
80.6381	0.0688636
70.8068	0.0605465
85.7862	0.11428
87.0753	0.0747559
61.9336	0.0650188
41.4794	0.139353
62.6977	0.0529877
98.0071	0.206024
69.2211	0.0655359
39.0995	0.354584
33.5658	0.0775771
99.5788	0.0507554
51.322	0.102075
104.686	0.0483288
52.832	0.0730496
103.037	0.0169409
27.5139	0.0593073
86.1849	0.0706783
30.4541	0.172422
13.5281	0.0803019
32.3034	0.157214
81.0939	0.0659273
103.72	0.0424142
8.18781	0.0735623
94.3058	0.0524723
69.597	0.0866051
32.3787	0.0542979
67.0429	0.0267573
105.319	0.0966
14.3515	0.566495
15.2077	0.174202
40.8776	0.0761133
94.225	0.0400753
87.9166	0.0529308
13.8011	0.298525
75.7359	0.118011
37.1718	0.177468
17.693	0.0760662
41.3907	0.0968028
104.627	0.0469522
71.1835	0.0567455
26.8871	0.181183
37.5256	0.0486025
91.6902	0.0510815
13.1964	0.398712
22.9547	0.111242
54.5558	0.0665805
83.4022	0.0848458
76.224	0.0482748
27.0278	0.0150006
1.12562	0.27092
41.4216	0.0957647
104.014	0.0528285
14.6575	0.261357
73.8826	0.106093
19.1099	0.17818
60.2017	0.0538668
11.9115	0.250415
57.9607	0.0634656
87.1592	0.10413
24.9631	0.0427948
33.0854	0.0763481
82.2808	0.105786
77.7691	0.026016
5.31841	0.18727
86.4617	0.062735
101.616	0.0222744
73.552	0.0624658
77.9275	0.188355
83.8067	0.048315
48.1209	0.0844225
48.068	0.113109
101.854	0.091737
31.386	0.19611
104.557	0.0576762
91.5962	0.0493888
30.2507	0.119659
30.6183	0.14566
51.0332	0.103447
43.4425	0.083632
64.9627	0.106926
52.7533	0.126049
54.6483	0.0639379
42.3859	0.0486978
62.8915	0.0344998
103.491	0.208301
9.61174	0.0759761
87.7119	0.0517336
68.6995	0.0207421
34.3264	0.253574
58.9481	0.101049
39.9595	0.0969464
63.6709	0.105856
70.9603	0.0559143
83.9797	0.109627
41.8476	0.0140586
30.4049	0.117221
56.4872	0.0435292
73.3697	0.0833836
18.3831	0.172689
74.5741	0.0383996
36.4679	0.283386
68.7584	0.265178
19.6228	0.389302
89.1737	0.0488947
105.024	0.0842119
47.0804	0.0859216
65.1758	0.0909559
102.851	0.0355161
21.6109	0.19497
51.1879	0.0530983
37.8034	0.162619
87.3844	0.0699072
32.7034	0.138251
66.5904	0.072709
53.2969	0.0808134
23.6715	0.0474182
79.5616	0.0528972
78.0572	0.153673
37.9041	0.185605
39.5323	0.0528982
83.7429	0.0521347
38.5448	0.0591409
23.149	0.215153
14.3177	0.216617
66.5401	0.00689107
105.168	0.0677727
75.9962	0.1291
103.536	0.17197
61.1652	0.0791098
48.307	0.0141856
50.7583	0.0637958
13.3798	0.274532
41.0276	0.132036
63.9321	0.0384125
82.4064	0.0961713
24.5595	0.104605
74.9228	0.120024
89.2107	0.0422322
46.6297	0.0723027
99.4077	0.0520203
60.9802	0.0688972
27.4825	0.052353
33.8638	0.198136
98.0831	0.189073
22.0068	0.0494841
27.3503	0.162745
14.9762	0.073801
82.0306	0.147246
47.1384	0.0420533
56.1993	0.0863578
37.4767	0.0991124
15.0084	0.44834
67.3693	0.0653326
67.5824	0.032067
46.6205	0.12527
86.7243	0.0571506
103.212	0.0349629
44.6146	0.0231448
74.2437	0.0538963
23.6873	0.109722
35.4578	0.0344489
75.7027	0.0593667
15.4134	0.0686378
94.6864	0.0525748
19.174	0.245083
23.3179	0.0113861
35.9321	0.120137
32.7613	0.255252
16.1982	0.0520244
100.514	0.0326274
34.0214	0.0482088
17.1216	0.221851
59.0059	0.0528825
26.54	0.346131
73.6254	0.313451
75.577	0.0505195
36.4777	0.0866019
19.8456	0.120482
103.229	0.0419573
77.1147	0.126768
9.06804	0.110977
75.009	0.0424532
38.4284	0.0596742
10.5556	0.266855
86.9816	0.0520918
46.7558	0.0846268
34.3401	0.316502
9.061	0.408076
86.1406	0.0962604
72.1127	0.0537614
60.2377	0.0624246
56.9448	0.0749427
27.6385	0.0708123
69.2857	0.0711619
75.6111	0.0569828
51.6278	0.0822802
36.2982	0.09559
55.8684	0.0883806
69.7968	0.245068
30.6139	0.275358
68.0153	0.091498
76.0799	0.108706
34.8752	0.150473
60.0108	0.0797797
105.739	0.0235651
15.7655	0.0688816
44.8996	0.0871416
63.4944	0.073717
80.6059	0.0529039
35.7104	0.100987
23.4351	0.158664
87.6362	0.038422
62.7119	0.0405536
34.3256	0.0762605
15.1235	0.268684
105.312	0.145876
65.9597	0.116397
12.9713	0.109431
67.3645	0.0732249
12.4319	0.107978
3.64996	0.172556
67.6786	0.117652
48.6598	0.102968
52.652	0.15016
32.6469	0.119364
103.99	0.164323
82.6961	0.122735
14.5413	0.0374481
56.6171	0.0571885
91.0962	0.0936542
69.5964	0.0650367
51.5293	0.0898421
104.854	0.0256879
56.0004	0.0461556
59.4691	0.0770242
67.8661	0.0349835
9.56342	0.0803628
35.2305	0.10173
43.8593	0.214425
79.244	0.0540765
99.9569	0.0700187
97.5086	0.0551814
28.8942	0.141993
65.5792	0.1409
88.0557	0.0513007
67.6383	0.0523889
37.6975	0.0406708
9.28299	0.135861
50.1652	0.129265
88.9791	0.0154558
28.2928	0.165035
87.3735	0.11733
66.7675	0.0887076
88.1248	0.045123
87.8146	0.088434
103.957	0.0436854
67.0614	0.0499104
76.5328	0.04395
15.4989	0.103616
54.1231	0.103895
33.6736	0.105917
89.7554	0.017981
44.8951	0.0337922
41.8656	0.159759
100.743	0.0470818
54.7989	0.103839
7.35341	0.719749
16.6192	0.103962
75.6595	0.0644585
64.8333	0.0999475
42.2479	0.201557
83.867	0.0569175
55.7581	0.0529267
63.3758	0.0728084
79.1582	0.135387
22.3851	0.378404
81.0797	0.174581
16.218	0.652582
66.2848	0.11149
62.3987	0.0619298
90.1197	0.0460643
51.8397	0.121416
53.1017	0.131328
104.572	0.0570282
87.3776	0.0372719
24.5187	0.187436
87.8818	0.114011
14.787	0.278214
40.122	0.0836183
55.7823	0.0428219
47.1397	0.0536792
77.11	0.0561189
5.49783	0.222397
3.62293	0.348865
67.7903	0.111481
75.3059	0.0797413
58.9641	0.0349282
26.9238	0.10165
16.151	0.115579
63.3614	0.0446378
62.2142	0.0618938
13.3697	0.0454331
104.645	0.115158
34.3316	0.0278347
87.9847	0.173326
103.825	0.0528874
101.316	0.0276355
45.4617	0.180138
27.8121	0.035035
54.7818	0.103615
64.4663	0.0584475
89.5551	0.0665322
46.7651	0.0339032
1.63471	0.277079
11.7584	0.058415
81.8436	0.0526439
104.228	0.0713731
29.0585	0.0605818
22.5049	0.184383
28.6128	0.244987
40.1191	0.213938
29.2444	0.0625877
84.9366	0.0480858
23.6163	0.251119
86.5529	0.114767
51.7261	0.116486
97.9219	0.0388758
39.1716	0.0923092
47.1176	0.0964519
24.2743	0.0836143
32.853	0.146624
72.8567	0.0488254
70.52	0.104002
20.9574	0.144483
106.264	0.0786744
88.5413	0.0411274
34.3683	0.119339
4.61857	0.333507
23.55	0.219304
11.3001	0.414231
90.867	0.104687
5.57199	0.0579779
74.6262	0.0394769
68.724	0.0332734
28.2464	0.110504
103.888	0.0529296
67.3871	0.142557
71.099	0.113606
40.3114	0.112264
58.9518	0.107256
19.1601	0.353462
73.4236	0.137257
23.6928	0.121896
43.9121	0.0708852
36.7619	0.115876
31.1637	0.152551
53.2535	0.0554725
49.8585	0.193261
9.19711	0.0240512
18.2379	0.0781521
103.424	0.0511079
74.6689	0.0915364
18.1023	0.218504
45.9736	0.132209
28.138	0.112251
89.6798	0.053269
63.2481	0.0573715
72.39	0.121129
13.2792	0.363715
18.3757	0.0887663
26.7933	0.14374
24.8011	0.064015
7.42758	0.128657
69.3476	0.123344
75.1735	0.0533347
50.0791	0.121506
14.3582	0.399687
31.8231	0.0273461
84.3764	0.020432
35.8785	0.190427
55.5108	0.133749
30.5972	0.17882
31.3485	0.150629
85.5048	0.074811
6.55903	0.0496515
56.2179	0.0223544
73.4335	0.106346
51.3233	0.10689
104.204	0.150553
58.2563	0.0608297
17.5402	0.144629
86.6257	0.120275
70.0199	0.0684344
58.0007	0.037335
36.5636	0.0977427
95.0636	0.0549466
30.6522	0.261308
64.5605	0.0791693
79.1391	0.11273
104.635	0.0349055
18.636	0.0248101
56.7938	0.111498
90.6194	0.0780227
17.6784	0.0334136
95.8791	0.0525746
103.069	0.0276122
63.8211	0.0499395
20.1262	0.361208
13.4142	0.657485
35.0744	0.0628396
53.6055	0.198688
87.2956	0.119134
75.7635	0.0203215
56.1057	0.240994
48.7215	0.044068
78.7669	0.0554333
47.8316	0.0393813
104.935	0.0430199
86.4629	0.0741327
54.6112	0.155074
48.5215	0.0501367
32.2958	0.0665071
22.0764	0.0519258
18.638	0.162729
37.0719	0.0873714
92.902	0.0528123
99.8108	0.0673019
33.8965	0.026893
56.9737	0.0842885
103.701	0.0526973
8.42423	0.112199
85.8282	0.0457726
40.1003	0.292041
25.6857	0.0496347
12.1902	0.228093
63.9464	0.0529617
103.753	0.0527117
24.893	0.032238
86.3914	0.0840538
93.3169	0.0526897
48.8668	0.146063
99.7703	0.0440077
23.2059	0.239875
22.9496	0.0982829
76.5582	0.0192163
83.4722	0.0949763
18.2187	0.132803
5.86987	0.217253
95.0538	0.0524002
70.6057	0.0470417
104.273	0.0440434
24.4651	0.0281932
101.199	0.0525809
19.1158	0.241778
41.7972	0.11949
56.4891	0.283289
8.37143	0.283019
66.252	0.151767
62.7703	0.0539068
89.0049	0.0251441
102.618	0.107091
12.4418	0.108983
66.5306	0.0971426
99.3275	0.0486461


109.625	0.0323254
5.87575	0.121651
93.185	0.10199
17.6003	0.147534
86.2086	0.121498
30.1781	0.0388478
32.5424	0.100012
48.6232	0.156703
11.7647	0.147916
95.8263	0.0752147
56.4781	0.0472101
65.8551	0.144272
30.1564	0.142892
12.1595	0.0728432
65.23	0.107516
107.589	0.0554286
98.7456	0.117747
30.3228	0.0723879
36.1878	0.0527407
63.0963	0.060011
66.3442	0.0525057
12.7873	0.632209
32.2408	0.133404
74.266	0.064889
18.552	0.118362
67.793	0.207752
94.0729	0.0549904
59.7883	0.0366065
59.1195	0.108178
74.2548	0.0608641
41.6634	0.106543
88.5482	0.101593
47.671	0.0221667
18.4666	0.12213
18.8099	0.291873
83.1407	0.109453
71.666	0.0590713
83.0105	0.113707
80.7913	0.0820733
62.4356	0.0560536
43.9811	0.1287
62.7013	0.0529888
101.043	0.205285
67.6946	0.081336
38.2986	0.351071
31.2577	0.0611525
96.5027	0.0164288
52.8078	0.0842667
101.653	0.0523188
45.9849	0.0959502
92.431	0.00554044
24.343	0.0511812
96.702	0.066259
35.2701	0.18194
14.1636	0.0990967
26.2456	0.115762
81.6398	0.106792
99.5206	0.0443458
7.9566	0.0894537
94.3595	0.0524683
70.0523	0.0867952
31.1296	0.0576696
66.9868	0.0276278
98.9678	0.0926039
9.60821	0.0933151
10.7357	0.514412
42.1905	0.0622143
94.7955	0.0399006
86.0938	0.0986221
12.4014	0.154987
73.3115	0.114334
37.4874	0.174127
17.3754	0.0679357
46.1944	0.114377
97.0509	0.0432762
78.7685	0.0601372
27.8029	0.185218
37.7911	0.0634323
95.1166	0.0525065
7.28409	0.270369
22.8705	0.116457
57.0733	0.147918
95.2168	0.0962186
78.4102	0.0525471
29.8768	0.160544
2.08149	0.338572
39.1444	0.0444298
104.937	0.0514968
14.5861	0.263425
78.0842	0.0976574
21.947	0.369342
60.6727	0.0530148
15.1146	0.0550506
56.7836	0.0628593
83.4216	0.105631
25.4036	0.0306993
34.0743	0.0684084
83.6756	0.106366
75.0884	0.0651315
9.86676	0.583868
87.6149	0.0616814
92.7852	0.0562349
77.1353	0.0995868
82.1303	0.197458
82.5435	0.0702664
50.4939	0.0564367
50.1473	0.107551
109.741	0.099012
24.3471	0.139019
98.8663	0.061096
88.4203	0.182593
37.768	0.094409
35.213	0.0493807
55.925	0.0413612
51.8326	0.013892
63.4411	0.100985
51.9375	0.123147
53.1272	0.0323287
42.631	0.0500806
62.9087	0.0320836
102.609	0.0961397
12.148	0.0718343
87.4729	0.0518835
69.0596	0.131445
38.0522	0.252547
57.8802	0.157892
44.3628	0.0798707
63.9774	0.105983
76.7475	0.131962
95.206	0.113465
46.1463	0.0478198
27.4841	0.0570387
53.6582	0.0185204
72.4254	0.0597922
22.5187	0.260788
69.5142	0.0714339
42.1173	0.312855
67.9179	0.267901
8.85987	0.457348
92.9291	0.0485727
99.7328	0.0871683
56.3958	0.0634608
65.9812	0.116742
95.0985	0.0355843
18.9279	0.203854
55.5802	0.0932258
40.4095	0.183603
83.8719	0.0770339
32.563	0.0410897
66.3566	0.0728552
43.6526	0.0645474
32.2474	0.22128
80.067	0.0527513
75.3186	0.15056
26.2264	0.201145
37.9629	0.0882212
82.7054	0.0528269
38.6166	0.0527265
18.8462	0.14779
9.63732	0.244373
69.2132	0.045203
98.009	0.0642588
81.8542	0.129135
99.5872	0.0637981
61.6818	0.0289294
48.9319	0.0365738
54.7191	0.0400181
13.8874	0.327971
36.316	0.119087
65.9413	0.210805
81.3913	0.0966237
23.6753	0.0995587
85.0245	0.101181
89.485	0.0422694
50.8409	0.0593793
95.8711	0.0522143
61.0833	0.0638663
27.6283	0.0396199
33.4233	0.202621
92.7915	0.163775
19.1759	0.077288
29.3472	0.163712
16.3999	0.0845235
83.1718	0.146589
46.9324	0.0420681
51.955	0.161169
39.237	0.127699
15.8984	0.544741
67.2591	0.0660864
74.1654	0.0619183
52.2058	0.0543433
87.9428	0.0217847
96.2664	0.0357561
53.9924	0.0890018
75.9413	0.105594
23.8651	0.120706
39.2575	0.00841077
76.352	0.0586503
16.1613	0.0891969
94.9096	0.0670175
14.849	0.0362793
28.6916	0.212926
33.8704	0.109793
31.0673	0.253887
14.048	0.0879752
93.2393	0.0407264
34.0997	0.0155409
16.9907	0.214682
61.1444	0.0650829
14.8306	0.280347
86.2364	0.303253
76.0608	0.0520751
34.0922	0.0669615
19.2563	0.110995
93.3358	0.0414641
73.6962	0.108579
9.71457	0.194627
72.9168	0.0691284
43.4346	0.0957506
19.488	0.274476
88.5764	0.123952
49.4063	0.0619007
34.7339	0.314293
10.17	0.643694
94.445	0.096952
78.7187	0.0452347
60.0522	0.0573325
61.4355	0.0629859
25.2882	0.073641
70.2122	0.0698281
74.5377	0.0571507
43.7654	0.0565829
35.6893	0.117888
59.3386	0.0630044
68.9197	0.244242
38.1767	0.328592
68.3618	0.0918606
73.1966	0.0924232
40.2533	0.0278802
60.5946	0.0816341
96.9147	0.0353447
16.3027	0.0356945
52.9742	0.100859
68.8947	0.0418139
81.4071	0.0518849
34.7947	0.111006
33.5126	0.220099
91.747	0.0411458
63.7247	0.0302524
34.8977	0.0799774
23.098	0.151458
97.9539	0.143909
67.0702	0.11148
13.9131	0.0547662
73.1318	0.0883916
12.6085	0.0768411
3.88019	0.106694
66.3469	0.122602
51.6097	0.0566549
50.6148	0.15156
30.4708	0.111543
108.999	0.159704
82.1072	0.121683
24.3646	0.315716
60.6183	0.095659
93.589	0.0927602
67.6305	0.043259
53.5286	0.117133
97.5741	0.0328325
57.8275	0.00411141
59.4995	0.0768196
65.5811	0.0340503
9.83672	0.0208348
36.4071	0.0980945
44.0432	0.210426
83.2004	0.0662525
93.7163	0.0718123
95.2365	0.0554471
28.7582	0.140346
65.93	0.142599
89.9553	0.0522827
67.5147	0.0520941
38.052	0.0326417
11.8229	0.315447
49.4415	0.134813
79.6347	0.0529315
26.5439	0.191106
94.7376	0.119227
66.6121	0.0973572
86.6979	0.0442597
95.4783	0.10185
98.3597	0.0463106
64.0336	0.0942051
71.2397	0.0228183
15.9494	0.106729
58.0383	0.100127
33.9372	0.119003
95.8114	0.055614
47.8431	0.0300824
52.6794	0.126721
95.998	0.0471207
54.2752	0.104412
6.50954	0.51999
22.2424	0.340583
69.1451	0.0392653
63.3688	0.0752555
42.0373	0.202245
92.5116	0.0731075
56.4818	0.0635193
64.1795	0.0736888
81.7088	0.116609
15.3102	0.118841
84.6581	0.171863
12.8804	0.280683
65.2929	0.105794
62.9486	0.099339
96.6979	0.0575414
50.3146	0.146561
52.4358	0.130587
102.471	0.0532678
93.6729	0.0386472
22.5102	0.100038
91.9227	0.114685
25.2146	0.274172
38.6729	0.0817709
59.1433	0.0412792
50.4808	0.0456317
72.4433	0.0540408
12.3638	0.720724
7.5875	0.373349
67.3008	0.11091
72.5002	0.0632447
59.241	0.0272127
22.8357	0.161425
30.5133	0.251574
63.8988	0.0359197
62.2588	0.0619918
12.2741	0.0872655
101.694	0.117287
32.4566	0.0848731
101.246	0.26633
105.554	0.0509282
92.4488	0.0178465
47.2888	0.195304
28.0325	0.0453822
49.7995	0.118102
65.2142	0.0394466
95.4404	0.0703735
46.7545	0.0295545
3.53676	0.565982
10.1265	0.141462
81.5972	0.0276621
104.113	0.0714815
26.5686	0.0341694
23.5699	0.231492
20.0827	0.0744564
35.52	0.241201
28.2202	0.0436995
82.3383	0.0521312
22.1476	0.168431
85.3239	0.115623
52.6522	0.115828
94.4891	0.0474079
39.2188	0.0958765
51.4621	0.114671
22.9508	0.0607225
37.1644	0.124722
72.5194	0.0145555
74.5483	0.168629
18.8127	0.0851855
94.5589	0.0765588
81.2582	0.0486531
34.7574	0.108722
2.23455	0.363653
22.4387	0.237981
12.5605	0.57632
92.3123	0.105282
4.97727	0.317848
77.1589	0.0463563
69.4028	0.0178791
24.7988	0.0474408
105.889	0.0495489
69.1499	0.139825
67.0889	0.127749
32.172	0.133824
59.1537	0.106013
15.6645	0.352628
75.2904	0.140609
24.545	0.155135
44.4593	0.070199
32.6363	0.0628905
31.6342	0.209174
52.9267	0.0609969
45.92	0.19467
9.29248	0.0369898
18.2754	0.0632303
107.954	0.0439715
82.5201	0.0978177
25.4061	0.174123
44.7718	0.110164
27.6628	0.103234
90.7523	0.0600453
60.4806	0.107475
80.334	0.13954
16.2136	0.310759
14.9155	0.128333
27.0996	0.13776
21.3871	0.068389
8.48056	0.120236
71.893	0.129725
74.9658	0.0802189
49.9353	0.122693
14.2069	0.377241
31.0838	0.0418039
91.6457	0.0288759
29.9517	0.184167
58.9819	0.152636
32.9573	0.186433
36.9875	0.134358
90.0173	0.0598412
10.5364	0.226105
59.2053	0.067319
78.0756	0.125554
54.7167	0.0873938
98.3341	0.152424
58.0506	0.0609684
12.4859	0.24077
86.0711	0.119449
70.919	0.0873238
57.5592	0.0996265
34.6978	0.0884643
95.063	0.0549466
22.1679	0.147425
64.9503	0.0530021
78.7261	0.116333
104.716	0.0346506
20.7434	0.0598526
52.4771	0.115441
78.3884	0.069189
17.8034	0.109987
95.0105	0.05285
95.2625	0.0278722
63.405	0.0387488
22.1495	0.346658
10.3319	0.282018
33.0902	0.0816898
55.8455	0.192524
90.8925	0.11373
74.6939	0.0358806
56.7256	0.252218
46.0861	0.0932431
72.7764	0.0945203
49.3531	0.0370124
93.2318	0.0427162
94.7279	0.0746025
44.9127	0.155155
39.5447	0.126478
31.0958	0.0671844
22.1155	0.0525092
22.1248	0.193919
36.9952	0.0984711
93.5941	0.0339019
99.778	0.0673022
34.2192	0.0278991
56.9949	0.0839597
106.81	0.046723
8.56101	0.100719
87.2568	0.047985
40.1172	0.271645
25.4995	0.0576518
10.5237	0.297618
64.0403	0.0235179
106.198	0.0495429
20.9559	0.0781221
85.8956	0.0832474
95.1689	0.0508519
44.7566	0.046299
94.3563	0.0458099
23.6974	0.237042
22.8354	0.0853434
79.6038	0.0105003
82.3482	0.0953351
18.7549	0.111455
6.9097	0.231284
94.9887	0.0524595
74.9816	0.0294101
91.5191	0.0484424
24.8002	0.0160465
100.016	0.0526287
18.664	0.219108
42.0272	0.113769
40.4082	0.265757
9.57723	0.462882
64.6098	0.151206
66.0355	0.0439204
96.237	0.0410128
113.024	0.0981625
12.294	0.0944819
66.1063	0.0963453
93.8876	0.0874826


99.9584	0.0171365
2.08935	0.546241
89.0426	0.102884
19.2008	0.229976
90.2954	0.117273
32.6889	0.0625754
34.8684	0.166364
47.7055	0.156547
11.2125	0.115733
90.6289	0.0406871
56.7167	0.0467014
62.1665	0.120183
30.3369	0.153934
13.3581	0.529254
63.9168	0.112299
100.448	0.0557166
103.071	0.117553
25.2865	0.0329513
32.0711	0.0691742
63.5965	0.0668991
65.7109	0.047385
6.5743	0.174162
31.7511	0.125576
74.2543	0.039105
16.7468	0.117812
58.8223	0.249171
94.2419	0.0548953
62.7909	0.102899
57.9361	0.102246
66.5224	0.0666184
44.4972	0.101387
88.1353	0.101762
48.7021	0.0434683
18.4511	0.132146
17.1428	0.167541
79.514	0.110018
71.1202	0.0309582
85.6489	0.119396
87.4412	0.257612
62.6282	0.0368085
44.0231	0.121662
62.6921	0.0511568
97.5032	0.198151
65.5884	0.0835247
38.6689	0.355763
34.3458	0.130994
99.2466	0.0164885
53.6623	0.0867583
102.944	0.0527357
53.8533	0.0953659
102.804	0.00514517
30.1152	0.146248
86.1966	0.070779
33.1878	0.192718
12.9007	0.119808
27.9175	0.109438
79.1352	0.106856
102.336	0.17837
8.58996	0.0830743
94.1716	0.0524554
70.4566	0.0865518
30.3016	0.0714365
66.6219	0.0321732
103.209	0.122014
11.3426	0.256782
9.69435	0.502961
44.9634	0.0770661
93.2461	0.037418
88.1833	0.0993598
8.77493	0.149581
73.727	0.150803
34.2004	0.172619
18.0276	0.145962
45.099	0.134536
104.11	0.0426856
84.2379	0.0289566
26.4277	0.187969
38.1327	0.0705301
90.4971	0.0502645
14.138	0.491813
22.5892	0.103285
58.2407	0.15466
88.3321	0.110908
79.3993	0.0493682
28.5099	0.0975712
1.3921	0.0976816
36.3592	0.054451
101.778	0.0496839
14.4072	0.263531
80.3179	0.104936
17.2536	0.0951562
61.1906	0.056343
18.7456	0.189569
56.2589	0.0588269
87.2878	0.1044
25.6441	0.0315158
32.5812	0.0741979
81.9781	0.106047
69.0878	0.0487186
8.35262	0.348069
88.3477	0.0624599
100.099	0.0476192
74.4638	0.0703707
75.7296	0.189484
79.4365	0.0637596
45.8172	0.0513388
46.5073	0.104008
99.1339	0.102679
30.6328	0.158985
103.662	0.0617263
90.8556	0.183183
34.2628	0.0444088
42.3521	0.18247
48.694	0.0552908
41.4065	0.00760454
60.8117	0.0724791
49.5319	0.127711
54.418	0.0775976
42.0492	0.0479015
62.9224	0.0320892
102.38	0.0960962
12.1097	0.0738816
88.6106	0.0524413
71.3576	0.136603
38.7107	0.249181
56.3033	0.166066
45.9915	0.0219899
64.2675	0.106303
74.6026	0.142688
86.624	0.105323
44.2484	0.0328354
26.0244	0.0920702
51.8605	0.047133
70.6122	0.0481776
24.1881	0.363372
78.9662	0.0550424
46.8153	0.284781
66.8158	0.268311
19.9329	0.416647
89.3642	0.0497124
103.789	0.0877287
57.2899	0.0418454
66.124	0.118892
102.843	0.0356004
20.9598	0.209383
48.9899	0.074244
39.2624	0.176192
91.1047	0.0814459
28.8029	0.132921
66.0961	0.0728157
52.2463	0.0946625
26.0133	0.0725178
79.6158	0.0529181
78.5092	0.153386
37.5331	0.150398
37.9017	0.0893626
82.4586	0.0605609
38.6722	0.0457076
20.4632	0.152571
13.7527	0.20041
72.321	0.0275106
103.639	0.0919854
80.2749	0.133333
102.779	0.0296238
61.6949	0.0288368
53.3841	0.0633336
51.5527	0.0996343
13.8155	0.32598
35.8383	0.109056
65.3937	0.210293
81.0932	0.0953703
23.2209	0.095489
79.7579	0.0524773
89.4181	0.0422809
47.7089	0.0509483
99.3219	0.052324
61.2152	0.0225788
27.782	0.0300101
33.8513	0.202495
97.7275	0.163252
20.7287	0.082574
28.2119	0.169752
15.5054	0.0545381
80.8799	0.146547
47.111	0.0420816
50.1936	0.168455
41.5101	0.125375
15.6441	0.519593
66.6797	0.0549157
76.7203	0.110828
59.2954	0.138292
88.8462	0.0192695
102.997	0.0459865
43.2397	0.0899696
72.9702	0.112398
23.9849	0.126052
41.2807	0.0814286
77.1274	0.0593926
17.7399	0.0695956
94.676	0.0670062
9.8986	0.355632
21.6857	0.0659808
36.6524	0.120659
29.0311	0.248039
13.1523	0.0544766
99.6696	0.0414546
29.3664	0.0839345
11.6643	0.192828
56.8878	0.0719775
23.6082	0.244981
80.4309	0.316091
78.0907	0.0384559
36.1367	0.0883614
18.6073	0.110941
102.926	0.0666635
67.942	0.15418
6.91702	0.138357
70.2935	0.0728495
48.9445	0.0896586
10.0271	0.290989
88.0118	0.109155
46.039	0.137824
37.6373	0.309935
8.39049	0.236158
87.3356	0.101675
82.8897	0.0558619
53.9089	0.0638221
60.6582	0.0221983
26.9067	0.091131
71.1706	0.0710329
72.9493	0.114669
50.8108	0.0610861
38.6729	0.0524174
59.3334	0.0607849
68.8424	0.231029
43.9203	0.263367
68.8998	0.091868
69.7081	0.101706
45.935	0.105641
60.9059	0.061024
104.899	0.0358067
17.5999	0.0360527
45.43	0.085388
74.4028	0.0585349
79.8354	0.0521003
35.2861	0.112941
28.6825	0.07715
88.9837	0.0448211
64.4746	0.0391088
38.1243	0.063337
24.9107	0.230155
104.383	0.143654
67.7301	0.0978132
15.5192	0.0212649
75.6403	0.0643566
13.3011	0.557457
3.87387	0.113263
65.4995	0.120171
57.7014	0.102101
50.9019	0.14014
28.9417	0.127504
99.8157	0.15707
78.2554	0.125288
11.3484	0.322363
59.9553	0.075857
90.2225	0.0920835
65.1744	0.014234
58.088	0.132248
104.169	0.0338189
55.8245	0.0834295
59.557	0.0764389
63.7262	0.0248414
11.6602	0.0503476
33.9928	0.0970643
44.258	0.210594
78.8138	0.0315437
98.17	0.0718531
97.2906	0.0556437
30.0228	0.125485
68.7045	0.149261
88.7608	0.056577
67.7901	0.0526631
36.6206	0.0342317
6.94824	0.278163
50.3756	0.137788
89.9722	0.0511686
25.3647	0.215252
87.4935	0.0896816
66.3729	0.0953848
88.6278	0.0440066
86.4802	0.10307
103.399	0.0470009
62.5481	0.10278
72.6607	0.0436898
16.1054	0.173552
60.8904	0.084877
33.5999	0.160602
89.0459	0.0528187
44.787	0.0313505
39.4565	0.104821
100.732	0.0471396
53.6298	0.103871
5.36944	0.255019
15.7324	0.079776
76.756	0.0767455
60.7661	0.0590757
42.0388	0.197501
89.7815	0.081856
56.4371	0.0636717
64.9492	0.0765033
80.909	0.126028
14.8033	0.0981122
80.2454	0.17281
6.1886	0.362679
67.7594	0.139287
63.0043	0.0993588
89.1019	0.0815203
50.7853	0.147353
54.955	0.165018
103.025	0.061346
88.2949	0.0448007
17.6733	0.125215
88.954	0.115919
15.454	0.242721
38.9507	0.0781121
59.1139	0.0405179
46.3478	0.0197964
70.4341	0.0336972
10.8751	0.492483
6.67754	0.223485
67.1353	0.121468
78.4631	0.0759025
59.5633	0.0135972
31.9628	0.242325
19.301	0.226097
64.4963	0.0332009
62.4687	0.071133
11.776	0.102616
103.664	0.128849
39.1401	0.0549058
90.1488	0.266002
101.935	0.0488452
100.332	0.0155674
40.4017	0.186497
25.2369	0.0908376
52.6696	0.0998894
65.6215	0.0311461
88.5307	0.0718759
46.0032	0.0842942
2.51254	0.104183
16.8659	0.550185
80.3604	0.0341665
102.233	0.0707726
27.2758	0.0473472
23.8472	0.252347
23.2772	0.119227
32.3009	0.215642
27.6851	0.00903496
82.256	0.0519468
17.7223	0.06386
90.0662	0.111204
51.6526	0.116502
96.5755	0.185472
39.191	0.0840893
44.7925	0.110965
21.7143	0.0939848
30.9055	0.114743
72.4671	0.0215849
75.1312	0.17221
16.3551	0.138583
105.904	0.0763216
80.2277	0.0411568
35.2073	0.0967192
4.70743	0.357095
21.5706	0.238726
13.0746	0.639185
89.6726	0.105976
5.43534	0.328297
80.1522	0.0178936
69.5536	0.0258222
34.628	0.193444
101.328	0.046489
70.5068	0.146018
62.9135	0.110637
33.5088	0.113558
59.7208	0.0792305
13.9622	0.386843
73.2031	0.148654
18.8514	0.110104
43.7684	0.073149
28.7074	0.109834
31.9791	0.230081
55.9054	0.0368064
49.9372	0.196562
9.32661	0.0186677
19.1261	0.0871956
101.025	0.0381468
81.5994	0.104608
25.1332	0.169828
40.1208	0.0945038
27.7897	0.102825
89.9576	0.0595833
62.3369	0.0484212
83.7031	0.114084
20.353	0.393331
19.0159	0.0703484
29.5291	0.125033
22.3363	0.0658475
7.16148	0.122504
72.3785	0.13201
75.2949	0.0803353
57.1737	0.136859
14.3108	0.388648
30.1904	0.0856499
88.5299	0.239826
37.8973	0.107291
58.3903	0.148534
33.6332	0.211887
28.7274	0.184589
90.4436	0.0485308
4.93185	0.182585
57.9613	0.0773908
82.1176	0.100384
50.4766	0.0987986
103.328	0.15243
57.7116	0.0412689
13.7611	0.149436
92.4386	0.107976
71.229	0.0869809
57.527	0.0941274
34.3499	0.0923467
95.0506	0.0549465
27.6213	0.268138
65.2633	0.0544954
70.1307	0.136107
101.734	0.0322372
23.2112	0.157309
51.4202	0.112138
89.596	0.0913415
18.5329	0.0966987
95.3614	0.0529287
103.046	0.0279381
62.2914	0.0261807
19.4041	0.351548
3.52683	0.565448
33.6911	0.0820343
58.518	0.201414
89.9874	0.096457
70.6191	0.0245163
56.7371	0.25223
39.5481	0.047276
68.666	0.0710239
47.3829	0.00879933
104.913	0.0427158
87.1947	0.0695124
53.5316	0.134648
48.1438	0.11316
31.0549	0.0787345
22.2771	0.0504145
17.4086	0.189217
36.7215	0.10806
92.4511	0.0336597
99.7908	0.0633183
32.6356	0.0315376
57.0315	0.0824626
100.873	0.0420351
8.09042	0.139166
89.4023	0.0533086
40.2713	0.274276
25.6665	0.0683593
13.0418	0.205371
64.5186	0.0264281
101.862	0.0690676
25.1304	0.0602616
90.3926	0.0759545
91.9108	0.0489742
36.0719	0.162257
100.119	0.0755374
22.2069	0.239452
23.4858	0.0644795
79.5131	0.00861854
83.9894	0.0849835
19.3743	0.0691566
7.19568	0.204139
93.7898	0.0578487
75.065	0.0430656
104.023	0.0477292
25.3427	0.0325391
101.118	0.0526683
14.6961	0.0312466
41.9702	0.11307
58.2449	0.257523
9.70085	0.47615
63.04	0.154466
71.7552	0.0482509
87.6605	0.0440811
99.9132	0.0937908
12.1729	0.0991314
65.6637	0.096275
99.6028	0.110869


111.378	0.0251414
6.50658	0.303714
92.2175	0.10402
15.9704	0.123935
84.0024	0.117531
35.7831	0.0678727
34.3323	0.160211
48.6721	0.125721
10.2461	0.104871
97.4913	0.0737521
56.4946	0.0389252
62.0768	0.112549
30.5089	0.159096
13.2129	0.520902
63.4718	0.114665
109.417	0.0477572
99.5767	0.11651
28.7782	0.065355
38.1056	0.104703
64.1348	0.195862
65.5416	0.0464554
11.0545	0.41778
31.1574	0.114158
70.3397	0.0244166
20.9186	0.172887
59.0529	0.24807
96.4212	0.0322904
59.8626	0.0259385
56.9515	0.100759
70.5646	0.0511206
44.8082	0.10332
87.3447	0.101477
47.6065	0.147082
19.7712	0.210145
13.5485	0.0612349
81.0114	0.111992
70.2792	0.0318268
84.893	0.119944
79.1865	0.240967
62.6873	0.0356417
41.6141	0.135121
62.6998	0.0557861
100.999	0.19815
63.4449	0.0744376
40.0568	0.360257
32.5383	0.12395
96.5206	0.0165838
51.7966	0.0821971
103.475	0.0520256
49.1047	0.0601818
93.1077	0.051406
23.4752	0.1107
95.2102	0.0781521
32.6808	0.19584
12.1649	0.0887765
29.7332	0.15706
80.2893	0.105705
93.5798	0.185221
8.7196	0.0990492
94.4838	0.052435
70.4295	0.0865803
31.0454	0.0769642
66.0966	0.0549744
99.5751	0.120496
14.1901	0.550932
8.24943	0.515786
43.6462	0.0489498
95.1305	0.0377711
85.6069	0.0992819
7.71919	0.250919
75.6457	0.146489
35.0549	0.169514
16.7591	0.0525963
41.2899	0.121787
97.7024	0.0381582
74.8493	0.0666886
28.0242	0.190733
38.6648	0.0841197
95.6669	0.0239115
5.3148	0.458298
21.9932	0.0965457
54.9314	0.143841
89.1361	0.104418
76.7942	0.0509416
23.6554	0.0193719
2.2054	0.423669
33.9884	0.112628
106.899	0.0427593
14.3022	0.268028
75.7948	0.0888112
11.2384	0.26982
61.672	0.0559639
19.5902	0.214643
56.5911	0.0615653
85.4045	0.102572
25.9367	0.0403093
34.4328	0.069619
82.5393	0.105717
69.2896	0.0515514
2.69445	0.57678
85.9877	0.0639531
93.811	0.0423475
67.9209	0.0684668
73.2605	0.199827
84.0376	0.0676868
52.0777	0.0233589
51.1477	0.0988943
111.303	0.106824
25.1625	0.10832
99.9211	0.0643082
87.4148	0.183496
33.688	0.0403909
35.8334	0.0175526
50.37	0.0747044
52.8221	0.062413
57.4588	0.0667103
52.6277	0.131072
57.3624	0.0972749
41.4691	0.0574849
62.9355	0.032096
103.765	0.0955594
12.7627	0.290447
87.1192	0.0340922
71.8939	0.1379
35.331	0.24765
55.1282	0.174421
43.697	0.0910558
64.5287	0.106755
69.1404	0.140405
90.7893	0.100265
41.2448	0.133744
25.4262	0.236778
54.314	0.0331038
70.2808	0.049949
22.791	0.267995
81.6691	0.0723297
46.6633	0.289135
65.9881	0.245237
17.9132	0.317374
92.1851	0.0513495
101.155	0.0894224
48.1215	0.0376166
65.4491	0.108817
95.1084	0.0356947
20.319	0.210832
50.2424	0.0463444
35.4773	0.168426
83.1232	0.0774251
25.3727	0.066673
65.8918	0.0726352
44.1709	0.0607634
21.6979	0.155464
79.446	0.0528234
79.8048	0.151297
34.5265	0.0649298
39.2101	0.0718494
83.8056	0.0603263
38.8527	0.0551614
22.4336	0.196071
14.2032	0.245323
73.0357	0.0559192
98.6306	0.0901408
75.3148	0.126244
98.0607	0.0803825
61.7095	0.0287349
45.0302	0.080764
49.8153	0.0850606
16.0057	0.644827
42.9176	0.180623
65.3354	0.212307
82.357	0.0951155
23.3135	0.0917236
73.2029	0.0910259
89.2612	0.0422558
49.4536	0.0458744
95.9737	0.0525628
61.2442	0.0278699
27.8967	0.0269913
33.5722	0.213064
94.1601	0.162026
21.1739	0.104371
25.7135	0.0605784
13.4807	0.140656
82.1931	0.147235
46.9631	0.0420949
55.6453	0.161853
43.3371	0.140276
13.4167	0.171767
65.9119	0.059106
73.9666	0.0897595
51.6763	0.0574564
86.5396	0.0147094
98.1751	0.0987066
53.6572	0.0806782
69.2302	0.103591
24.0509	0.130653
40.2452	0.0303424
76.3113	0.0580368
17.6331	0.0771191
94.8915	0.0587914
14.0101	0.115295
21.5525	0.0712489
38.7104	0.0898162
27.9604	0.160598
15.2913	0.072919
94.2841	0.0476894
34.0852	0.0310292
13.2052	0.0997601
50.7551	0.0321032
23.5895	0.240963
70.1227	0.297293
77.3941	0.0789505
38.6426	0.0759036
17.978	0.119642
93.3465	0.0378633
67.5797	0.172568
7.48224	0.0601749
70.271	0.0685805
42.4218	0.0871068
19.9195	0.28989
87.9918	0.109155
50.0102	0.128049
40.0509	0.317896
2.03023	0.610042
92.0857	0.100189
75.0733	0.0211444
49.6099	0.0825766
53.2679	0.0996223
26.9443	0.0915375
71.223	0.0711732
74.3905	0.113012
44.2703	0.0604767
42.607	0.0545888
55.8657	0.0871625
70.6067	0.231219
43.8978	0.270894
69.3153	0.108187
71.641	0.0742637
48.1001	0.164856
61.6274	0.0604036
97.9849	0.0420498
18.6293	0.0528424
51.1933	0.0690235
76.0187	0.0856711
80.4043	0.0537006
35.7759	0.120337
23.498	0.167658
89.8696	0.0459765
65.3042	0.0111585
37.4124	0.104202
16.0369	0.223785
99.0967	0.141841
68.2042	0.0934131
16.2944	0.0971143
73.2217	0.0640157
33.8275	0.890422
4.10489	0.0221854
65.6922	0.118591
54.4379	0.0527768
52.3415	0.138401
29.6058	0.117491
111.942	0.149808
82.8337	0.11191
24.4527	0.311532
55.2394	0.0256244
94.0188	0.0917943
62.7815	0.0461543
61.9193	0.104967
98.4257	0.0395941
53.3496	0.086647
59.6412	0.0812312
63.6329	0.0658288
12.23	0.0888356
35.5563	0.10642
44.1005	0.217023
78.3062	0.0354161
95.5957	0.0754188
95.4935	0.0559201
31.7422	0.126671
71.6315	0.145842
88.2397	0.0567912
68.2892	0.0528961
35.327	0.0176569
8.8416	0.160159
49.4644	0.137593
84.6625	0.0216322
26.1337	0.217217
94.3828	0.0857195
66.2009	0.090474
86.9007	0.0447469
95.2736	0.100816
99.0319	0.049418
62.2585	0.108023
78.2254	0.053266
16.1143	0.169468
60.2615	0.093922
33.0193	0.15937
96.2742	0.0521736
47.5653	0.0356797
52.768	0.110919
96.0117	0.0471919
53.9976	0.104348
1.76911	0.588307
14.8362	0.0582875
82.0929	0.0381837
57.8291	0.0619395
41.9189	0.190645
85.9293	0.0124129
55.6777	0.064701
65.6614	0.0806513
78.4218	0.123444
22.4688	0.385478
81.3481	0.173971
15.1543	0.523532
70.5419	0.139101
63.0747	0.102638
97.2878	0.080653
52.5413	0.145109
55.2084	0.170786
105.873	0.0554147
91.8976	0.0494418
17.3629	0.145041
90.2922	0.11654
24.5033	0.227233
39.6633	0.0719512
55.7196	0.0427867
51.0045	0.124191
74.597	0.0512541
8.07627	0.0762699
3.81718	0.31686
67.6145	0.125849
79.9457	0.0676491
59.9676	0.0396669
25.0613	0.114692
27.7397	0.210795
64.9589	0.00621642
62.5261	0.0712042
11.7699	0.0889733
103.45	0.128953
39.953	0.100633
101.426	0.265888
107.129	0.0438941
93.5859	0.0227699
40.9299	0.190558
22.7379	0.0576559
56.8046	0.115311
65.6466	0.0365702
95.5783	0.0711496
44.5293	0.132176
0.968706	0.571529
17.0536	0.573311
81.5204	0.0334992
105.958	0.0675499
29.9536	0.0879984
23.6395	0.246908
27.9457	0.189254
38.0089	0.234381
28.3794	0.0575944
84.9521	0.0479994
12.8748	0.310074
83.2325	0.0975321
51.4622	0.116264
100.532	0.184926
39.1908	0.0841609
53.2273	0.128121
21.9903	0.0855074
37.9655	0.103916
72.45	0.0215798
71.3649	0.157685
15.5099	0.178207
95.0713	0.0728605
88.6828	0.0459429
35.7299	0.0872482
2.35212	0.330027
21.136	0.234006
11.7342	0.467008
93.0524	0.106492
4.80117	0.324308
76.6313	0.0404812
69.0833	0.0379111
27.2026	0.1501
108.012	0.0357053
70.7331	0.14877
62.8338	0.186193
41.1402	0.164886
59.8344	0.0784536
16.3022	0.348517
69.4246	0.145515
16.443	0.150863
43.8114	0.0732223
36.7682	0.139391
32.009	0.204981
59.5771	0.037976
46.0251	0.196329
9.97625	0.185864
19.5223	0.360719
109.603	0.0275117
74.3312	0.0917305
17.6305	0.241841
37.5902	0.14752
28.4489	0.102067
89.653	0.0597504
67.5845	0.0987792
74.4252	0.124122
14.315	0.34435
13.9127	0.0563571
31.0293	0.143456
26.0701	0.0936145
8.07056	0.156502
70.4785	0.125056
75.6147	0.0802189
55.3608	0.120277
14.4936	0.404735
29.2917	0.0742104
99.2506	0.241439
30.2137	0.0906267
54.1094	0.144221
32.6118	0.200551
32.6897	0.137913
84.4582	0.0299587
4.19916	0.340305
53.9474	0.0679438
76.5286	0.112171
50.423	0.0984979
99.3517	0.153756
57.4779	0.0407493
18.5324	0.112229
82.0761	0.102195
70.8712	0.0873568
57.8824	0.0972685
36.6463	0.0955452
95.0686	0.0574168
34.6482	0.143168
65.5321	0.049776
65.8202	0.101192
107.333	0.00514166
17.3162	0.147788
55.5079	0.12321
86.5229	0.104192
19.1769	0.100867
95.5423	0.052869
95.2926	0.0282956
60.6323	0.0511284
20.0257	0.350765
11.233	0.384812
34.5343	0.0710309
59.9476	0.204696
88.7678	0.097365
68.7806	0.0487406
57.2479	0.250604
49.2801	0.0397424
74.6733	0.101977
49.1779	0.0751823
93.2629	0.042281
92.9159	0.0556111
50.7767	0.115292
46.3794	0.0711713
32.1935	0.0813619
22.0858	0.0679513
21.1359	0.166929
36.5535	0.105834
93.7952	0.0466112
99.326	0.0422648
35.3134	0.0334195
57.0598	0.0820178
109.022	0.0259633
7.7426	0.17859
84.8531	0.0266477
40.3001	0.280177
25.894	0.0694531
15.6171	0.256959
65.0683	0.0764945
108.717	0.0768069
22.8101	0.0799827
83.4964	0.0731887
96.2893	0.0457294
36.5332	0.153535
94.7444	0.0748365
24.1717	0.240586
23.2351	0.0663577
76.1456	0.0415199
83.185	0.0845627
19.7816	0.0555977
7.22395	0.188884
96.2794	0.061583
70.7988	0.038408
91.875	0.0529154
25.802	0.0332609
100.108	0.0527186
22.759	0.246441
41.612	0.120251
42.2574	0.28967
9.67924	0.46908
61.8483	0.159966
75.2998	0.0605309
96.2737	0.0414512
113.776	0.0935879
12.4908	0.105649
65.265	0.0933322
95.3152	0.114202


