#Momento de inercia total
1.76219e+06
1.76743e+06
1.77344e+06
1.77963e+06
1.78627e+06
1.79285e+06
1.79973e+06
1.8067e+06
1.81322e+06
1.81925e+06
1.82452e+06
1.82982e+06
1.83542e+06
1.84198e+06
1.84958e+06
1.85692e+06
1.86361e+06
1.8697e+06
1.87597e+06
1.88262e+06
1.88931e+06
1.8953e+06
1.90094e+06
1.90697e+06
1.91268e+06
1.91787e+06
1.92305e+06
1.92873e+06
1.93413e+06
1.93962e+06
1.94417e+06
1.94835e+06
1.95243e+06
1.95663e+06
1.96025e+06
1.9642e+06
1.96822e+06
1.97225e+06
1.97661e+06
1.98105e+06
1.98531e+06
1.98967e+06
1.99344e+06
1.99711e+06
2.00037e+06
2.00375e+06
2.00691e+06
2.00985e+06
2.01178e+06
2.01337e+06
2.01498e+06
2.01649e+06
2.01843e+06
2.02026e+06
2.02171e+06
2.02309e+06
2.02531e+06
2.02741e+06
2.02954e+06
2.03218e+06
2.03407e+06
2.03454e+06
2.03508e+06
2.03595e+06
2.03686e+06
2.03754e+06
2.03837e+06
2.03909e+06
2.03954e+06
2.03957e+06
2.03924e+06
2.03879e+06
2.03818e+06
2.03715e+06
2.03628e+06
2.03569e+06
2.03536e+06
2.03508e+06
2.03535e+06
2.0353e+06
2.03552e+06
2.03562e+06
2.03583e+06
2.03508e+06
2.03318e+06
2.03144e+06
2.03045e+06
2.02945e+06
2.02822e+06
2.02719e+06
2.02631e+06
2.02586e+06
2.02516e+06
2.02456e+06
2.0242e+06
2.0237e+06
2.02209e+06
2.02005e+06
2.01817e+06
2.01647e+06
2.01535e+06
2.01457e+06
2.01332e+06
2.01164e+06
2.01047e+06
2.00921e+06
2.00708e+06
2.00477e+06
2.00198e+06
1.99936e+06
1.9963e+06
1.9935e+06
1.99107e+06
1.98971e+06
1.98893e+06
1.98865e+06
1.98795e+06
1.98693e+06
1.98688e+06
1.98656e+06
1.98563e+06
1.98467e+06
1.98348e+06
1.98191e+06
1.98017e+06
1.97834e+06
1.97665e+06
1.97545e+06
1.97408e+06
1.97243e+06
1.97082e+06
1.96963e+06
1.96897e+06
1.96843e+06
1.96759e+06
1.96572e+06
1.96392e+06
1.96239e+06
1.96069e+06
1.95856e+06
1.95646e+06
1.9542e+06
1.95202e+06
1.94942e+06
1.94697e+06
1.94528e+06
1.9433e+06
1.94112e+06
1.9388e+06
1.93684e+06
1.93554e+06
1.93442e+06
1.93313e+06
1.93214e+06
1.9313e+06
1.9299e+06
1.92919e+06
1.92857e+06
1.92732e+06
1.9258e+06
1.92479e+06
1.92341e+06
1.92131e+06
1.91993e+06
1.91869e+06
1.91739e+06
1.91632e+06
1.9163e+06
1.91642e+06
1.91675e+06
1.91708e+06
1.91737e+06
1.91756e+06
1.91746e+06
1.91709e+06
1.9163e+06
1.91547e+06
1.91469e+06
1.91419e+06
1.91351e+06
1.91336e+06
1.91313e+06
1.91273e+06
1.91217e+06
1.91158e+06
1.91129e+06
1.9111e+06
1.91075e+06
1.91019e+06
1.91012e+06
1.91018e+06
1.91035e+06
1.91077e+06
1.9112e+06
1.91174e+06
1.91227e+06
1.91303e+06
1.91279e+06
1.91226e+06
1.9117e+06
1.91116e+06
1.91044e+06
1.90983e+06
1.90954e+06
1.90984e+06
1.91048e+06
1.91103e+06
1.91221e+06
1.91388e+06
1.91534e+06
1.91591e+06
1.91614e+06
1.91651e+06
1.91693e+06
1.91701e+06
1.91702e+06
1.91699e+06
1.91669e+06
1.91672e+06
1.91745e+06
1.91839e+06
1.91935e+06
1.92115e+06
1.92355e+06
1.92527e+06
1.92715e+06
1.92889e+06
1.93066e+06
1.93197e+06
1.93318e+06
1.93444e+06
1.93644e+06
1.93819e+06
1.93933e+06
1.94048e+06
1.94147e+06
1.9427e+06
1.94411e+06
1.94539e+06
1.94652e+06
1.94771e+06
1.94927e+06
1.95098e+06
1.95322e+06
1.95547e+06
1.95759e+06
1.95953e+06
1.96113e+06
1.96237e+06
1.96373e+06
1.96523e+06
1.96635e+06
1.96712e+06
1.96709e+06
1.96721e+06
1.96753e+06
1.96808e+06
1.9689e+06
1.97027e+06
1.97136e+06
1.97307e+06
1.97462e+06
1.97591e+06
1.97753e+06
1.97927e+06
1.98029e+06
1.98143e+06
1.98291e+06
1.98392e+06
1.98496e+06
1.98676e+06
1.98874e+06
1.99026e+06
1.99173e+06
1.99362e+06
1.99509e+06
1.9964e+06
1.99792e+06
1.99992e+06
2.00202e+06
2.00393e+06
2.00568e+06
2.00773e+06
2.00968e+06
2.01138e+06
2.01339e+06
2.01488e+06
2.01593e+06
2.01635e+06
2.01707e+06
2.01725e+06
2.01714e+06
2.0166e+06
2.01674e+06
2.01639e+06
2.0159e+06
2.01561e+06
2.01507e+06
2.01437e+06
2.01333e+06
2.01226e+06
2.01117e+06
2.01011e+06
2.00891e+06
2.00727e+06
2.00588e+06
2.0047e+06
2.00375e+06
2.00255e+06
2.00189e+06
2.00048e+06
1.99856e+06
1.99701e+06
1.99537e+06
1.99389e+06
1.99231e+06
1.99105e+06
1.98978e+06
1.98883e+06
1.98787e+06
1.98759e+06
1.98716e+06
1.98671e+06
1.98609e+06
1.98486e+06
1.98332e+06
1.98201e+06
1.98049e+06
1.97887e+06
1.9774e+06
1.97618e+06
1.97464e+06
1.97343e+06
1.9725e+06
1.9719e+06
1.97129e+06
1.97078e+06
1.96976e+06
1.96822e+06
1.9659e+06
1.96344e+06
1.96196e+06
1.9603e+06
1.95849e+06
1.95715e+06
1.95635e+06
1.95511e+06
1.95457e+06
1.95457e+06
1.95448e+06
1.95407e+06
1.95339e+06
1.95274e+06
1.95197e+06
1.95125e+06
1.95039e+06
1.94956e+06
1.94853e+06
1.94707e+06
1.94595e+06
1.9452e+06
1.94425e+06
1.94279e+06
1.94154e+06
1.94051e+06
1.93931e+06
1.93754e+06
1.93576e+06
1.93443e+06
1.93329e+06
1.93276e+06
1.93279e+06
1.93265e+06
1.9321e+06
1.93131e+06
1.93072e+06
1.93044e+06
1.9302e+06
1.93006e+06
1.9297e+06
1.92905e+06
1.92814e+06
1.9279e+06
1.92858e+06
1.9292e+06
1.92899e+06
1.92859e+06
1.92805e+06
1.92725e+06
1.9271e+06
1.92716e+06
1.92689e+06
1.92694e+06
1.92692e+06
1.92675e+06
1.92726e+06
1.9281e+06
1.92873e+06
1.92913e+06
1.92928e+06
1.92874e+06
1.92797e+06
1.92734e+06
1.92665e+06
1.92557e+06
1.92488e+06
1.9243e+06
1.92402e+06
1.9242e+06
1.92442e+06
1.92469e+06
1.9254e+06
1.92595e+06
1.92624e+06
1.9265e+06
1.92654e+06
1.92676e+06
1.92655e+06
1.92619e+06
1.92631e+06
1.92715e+06
1.92846e+06
1.93002e+06
1.93188e+06
1.93346e+06
1.93502e+06
1.93616e+06
1.93791e+06
1.93929e+06
1.93998e+06
1.94053e+06
1.94073e+06
1.94057e+06
1.94055e+06
1.94213e+06
1.94387e+06
1.9451e+06
1.946e+06
1.94709e+06
1.94783e+06
1.94857e+06
1.94947e+06
1.94993e+06
1.95031e+06
1.95064e+06
1.95126e+06
1.95288e+06
1.95469e+06
1.95641e+06
1.95784e+06
1.95946e+06
1.96044e+06
1.96124e+06
1.9617e+06
1.96224e+06
1.96239e+06
1.9625e+06
1.96293e+06
1.96357e+06
1.96411e+06
1.96425e+06
1.96474e+06
1.96553e+06
1.96661e+06
1.96773e+06
1.96918e+06
1.96991e+06
1.97005e+06
1.97056e+06
1.97147e+06
1.97233e+06
1.97251e+06
1.97269e+06
1.97303e+06
1.97344e+06
1.97405e+06
1.97494e+06
1.97602e+06
1.97651e+06
1.97723e+06
1.9777e+06
1.97861e+06
1.97965e+06
1.98098e+06
1.98145e+06
1.98162e+06
1.98159e+06
1.98153e+06
1.98139e+06
1.98122e+06
1.98081e+06
1.98091e+06
1.98147e+06
1.98211e+06
1.98282e+06
1.98355e+06
1.9843e+06
1.98533e+06
1.98621e+06
1.98633e+06
1.98639e+06
1.98671e+06
1.98673e+06
1.98635e+06
1.98578e+06
1.98539e+06
1.98489e+06
1.98418e+06
1.98379e+06
1.9837e+06
1.9843e+06
1.98439e+06
1.98418e+06
1.98345e+06
1.98319e+06
1.98302e+06
1.98267e+06
1.98191e+06
1.98073e+06
1.9795e+06
1.9788e+06
1.97873e+06
1.97828e+06
1.97782e+06
1.97824e+06
1.97804e+06
1.97749e+06
1.97699e+06
1.97748e+06
1.97746e+06
1.97696e+06
1.97599e+06
1.97508e+06
1.97428e+06
1.97372e+06
1.97321e+06
1.9728e+06
1.97301e+06
1.9728e+06
1.97257e+06
1.97216e+06
1.97172e+06
1.97146e+06
1.97187e+06
1.97159e+06
1.97074e+06
1.97004e+06
1.9697e+06
1.97004e+06
1.97028e+06
1.97015e+06
1.96991e+06
1.96941e+06
1.96846e+06
1.96728e+06
1.96696e+06
1.96641e+06
1.96546e+06
1.96444e+06
1.96375e+06
1.96312e+06
1.96277e+06
1.96266e+06
1.96208e+06
1.96154e+06
1.96101e+06
1.9608e+06
1.9601e+06
1.95897e+06
1.95805e+06
1.95671e+06
1.95549e+06
1.95426e+06
1.95303e+06
1.95138e+06
1.95062e+06
1.94995e+06
1.94994e+06
1.95014e+06
1.95004e+06
1.94928e+06
1.94827e+06
1.9477e+06
1.94757e+06
1.94771e+06
1.94739e+06
1.9465e+06
1.94559e+06
1.94541e+06
1.94498e+06
1.94476e+06
1.945e+06
1.9448e+06
1.94399e+06
1.94344e+06
1.94329e+06
1.94344e+06
1.94325e+06
1.94245e+06
1.94173e+06
1.94115e+06
1.94069e+06
1.94045e+06
1.94044e+06
1.94021e+06
1.93994e+06
1.94018e+06
1.94019e+06
1.93993e+06
1.93992e+06
1.94063e+06
1.94101e+06
1.94097e+06
1.94089e+06
1.94157e+06
1.94231e+06
1.94269e+06
1.94301e+06
1.94382e+06
1.9443e+06
1.94486e+06
1.94534e+06
1.946e+06
1.94689e+06
1.94737e+06
1.94722e+06
1.9467e+06
1.94684e+06
1.9475e+06
1.94839e+06
1.9488e+06
1.94838e+06
1.94774e+06
1.94749e+06
1.94726e+06
1.94659e+06
1.9463e+06
1.94603e+06
1.9458e+06
1.94531e+06
1.94519e+06
1.94569e+06
1.94692e+06
1.94737e+06
1.94719e+06
1.94683e+06
1.94642e+06
1.94603e+06
1.94555e+06
1.94528e+06
1.94472e+06
1.94491e+06
1.94461e+06
1.94384e+06
1.94324e+06
1.94366e+06
1.94427e+06
1.94496e+06
1.94539e+06
1.94523e+06
1.94499e+06
1.945e+06
1.94549e+06
1.94609e+06
1.94615e+06
1.94655e+06
1.94664e+06
1.94619e+06
1.94633e+06
1.94721e+06
1.9481e+06
1.94861e+06
1.94873e+06
1.94878e+06
1.9492e+06
1.94972e+06
1.95008e+06
1.95085e+06
1.95176e+06
1.95255e+06
1.95283e+06
1.95363e+06
1.95408e+06
1.95437e+06
1.95538e+06
1.95669e+06
1.95734e+06
1.95764e+06
1.95801e+06
1.95856e+06
1.95954e+06
1.95996e+06
1.96068e+06
1.9611e+06
1.96093e+06
1.9605e+06
1.96111e+06
1.962e+06
1.9627e+06
1.96349e+06
1.96395e+06
1.96383e+06
1.96375e+06
1.96458e+06
1.96512e+06
1.96551e+06
1.96593e+06
1.96635e+06
1.96736e+06
1.96854e+06
1.96959e+06
1.97046e+06
1.9716e+06
1.97247e+06
1.97344e+06
1.97427e+06
1.97591e+06
1.9775e+06
1.97874e+06
1.97957e+06
1.98028e+06
1.98085e+06
1.98193e+06
1.98302e+06
1.98363e+06
1.98389e+06
1.98415e+06
1.98407e+06
1.98426e+06
1.98515e+06
1.9862e+06
1.98698e+06
1.98732e+06
1.98695e+06
1.98609e+06
1.98588e+06
1.98558e+06
1.98477e+06
1.98345e+06
1.98178e+06
1.98062e+06
1.98026e+06
1.98023e+06
1.98021e+06
1.98037e+06
1.98022e+06
1.97937e+06
1.97873e+06
1.97841e+06
1.97762e+06
1.97664e+06
1.97555e+06
1.97408e+06
1.97294e+06
1.97201e+06
1.97117e+06
1.97063e+06
1.97062e+06
1.97037e+06
1.97067e+06
1.97101e+06
1.97128e+06
1.97111e+06
1.97099e+06
1.97142e+06
1.97164e+06
1.97177e+06
1.9717e+06
1.97185e+06
1.97173e+06
1.972e+06
1.97262e+06
1.97303e+06
1.97296e+06
1.97269e+06
1.97307e+06
1.97318e+06
1.97324e+06
1.97265e+06
1.97235e+06
1.97202e+06
1.97141e+06
1.97094e+06
1.97105e+06
1.97097e+06
1.97022e+06
1.96943e+06
1.9684e+06
1.96815e+06
1.96815e+06
1.9679e+06
1.96714e+06
1.96681e+06
1.96686e+06
1.96674e+06
1.96667e+06
1.96664e+06
1.96654e+06
1.9666e+06
1.96649e+06
1.9654e+06
1.96459e+06
1.96476e+06
1.96429e+06
1.96335e+06
1.96242e+06
1.96178e+06
1.96085e+06
1.95971e+06
1.95869e+06
1.95821e+06
1.95844e+06
1.95814e+06
1.95698e+06
1.9555e+06
1.95459e+06
1.9541e+06
1.95333e+06
1.95235e+06
1.95073e+06
1.94923e+06
1.947e+06
1.9452e+06
1.94339e+06
1.94213e+06
1.9411e+06
1.93987e+06
1.93806e+06
1.9361e+06
1.93477e+06
1.934e+06
1.93353e+06
1.93231e+06
1.93135e+06
1.93072e+06
1.93007e+06
1.9293e+06
1.92925e+06
1.92984e+06
1.93028e+06
1.9306e+06
1.93039e+06
1.92997e+06
1.93006e+06
1.93057e+06
1.93038e+06
1.92989e+06
1.92912e+06
1.92805e+06
1.92735e+06
1.92709e+06
1.92674e+06
1.92648e+06
1.92687e+06
1.92687e+06
1.92658e+06
1.92652e+06
1.92688e+06
1.92681e+06
1.92637e+06
1.92567e+06
1.92531e+06
1.92591e+06
1.92641e+06
1.92663e+06
1.92707e+06
1.9276e+06
1.92849e+06
1.92948e+06
1.93102e+06
1.93284e+06
1.93461e+06
1.93585e+06
1.9371e+06
1.93865e+06
1.94036e+06
1.942e+06
1.94336e+06
1.94483e+06
1.94595e+06
1.94676e+06
1.9479e+06
1.94934e+06
1.95088e+06
1.95205e+06
1.95338e+06
1.95434e+06
1.95532e+06
1.95665e+06
1.9586e+06
1.96e+06
1.96154e+06
1.96283e+06
1.96341e+06
1.96386e+06
1.96436e+06
1.96514e+06
1.96559e+06
1.96612e+06
1.96568e+06
1.96553e+06
1.96611e+06
1.96703e+06
1.96784e+06
1.96904e+06
1.9707e+06
1.97158e+06
1.97243e+06
1.97264e+06
1.97339e+06
1.97449e+06
1.97519e+06
1.97551e+06
1.97604e+06
1.97642e+06
1.97656e+06
1.97688e+06
1.97745e+06
1.97822e+06
1.97893e+06
1.97923e+06
1.97951e+06
1.98013e+06
1.98127e+06
1.98248e+06
1.98367e+06
1.98462e+06
1.98491e+06
1.98534e+06
1.98568e+06
1.98619e+06
1.98634e+06
1.9862e+06
1.98602e+06
1.98572e+06
1.98515e+06
1.98476e+06
1.98467e+06
1.98405e+06
1.98405e+06
1.98394e+06
1.98405e+06
1.98373e+06
1.98383e+06
1.98388e+06
1.98422e+06
1.98468e+06
1.9852e+06
1.98551e+06
1.98568e+06
1.98567e+06
1.98524e+06
1.98562e+06
1.98593e+06
1.98585e+06
1.98506e+06
1.98374e+06
1.98298e+06
1.98265e+06
1.98185e+06
1.98069e+06
1.98024e+06
1.97964e+06
1.97923e+06
1.97929e+06
1.97943e+06
1.9792e+06
1.97871e+06
1.9779e+06
1.97663e+06
1.97569e+06
1.97525e+06
1.97456e+06
1.97379e+06
1.97262e+06
1.97184e+06
1.9718e+06
1.97199e+06
1.97196e+06
1.97168e+06
1.97129e+06
1.97113e+06
1.97105e+06
1.97055e+06
1.9705e+06
1.97089e+06
1.97075e+06
1.96996e+06
1.96891e+06
1.96806e+06
1.96713e+06
1.96621e+06
1.9647e+06
1.96287e+06
1.96131e+06
1.95991e+06
1.95849e+06
1.95777e+06
1.95734e+06
1.95682e+06
