#Radio    Velocidad
0	0
111.369	0.701973
7.32069	1.86254
92.1603	0.785818
18.4899	1.62841
88.6579	0.799563
35.2592	1.23096
26.6826	1.53374
48.1277	1.09529
10.1901	2.45596
97.6261	0.755685
56.0571	1.02198
62.7281	0.993138
30.6954	1.38478
14.5062	1.87781
65.8051	0.951702
109.513	0.711359
108.247	0.713385
30.0219	1.31905
39.8842	1.08576
57.095	1.03944
65.7987	0.948142
8.00106	2.6791
28.7322	1.46604
69.5447	0.925326
19.5099	1.66835
57.1009	1.08157
100.849	0.736384
53.4427	1.068
56.6445	1.02941
72.284	0.903061
41.698	1.19732
89.0747	0.803657
53.6932	0.980152
13.8162	2.24601
9.79593	2.80643
81.446	0.840606
69.8683	0.917725
84.5151	0.826341
87.2627	0.806628
57.6885	1.02481
39.1805	1.2474
62.682	0.964499
99.3168	0.751613
62.6208	0.989051
36.8834	1.24848
33.5634	1.29862
99.6103	0.759049
53.3022	1.04467
107.776	0.716117
53.4953	1.01104
103.392	0.728274
29.4229	1.32504
95.9478	0.757925
34.1301	1.27391
13.8358	1.99146
30.8897	1.29888
82.2753	0.837873
104.398	0.736311
8.03164	2.75859
94.595	0.78373
69.2121	0.92069
31.4605	1.3632
63.576	0.970091
107.297	0.720052
13.3381	1.57141
12.6853	2.14797
43.7692	1.14779
95.2779	0.778963
88.0394	0.813302
13.3304	1.78727
72.7864	0.897508
36.4983	1.23374
16.1813	1.93228
44.2316	1.13672
105.991	0.722843
79.4571	0.846183
27.5939	1.44581
36.6461	1.30361
95.686	0.769017
6.34241	3.52255
20.5642	1.71868
54.2455	1.05501
95.2659	0.754783
78.3352	0.860239
24.2019	1.58922
1.95976	4.68821
34.2681	1.36843
108.661	0.714532
12.4493	2.23838
78.8976	0.855468
14.2673	2.11358
57.9296	1.02983
15.6988	1.9301
56.5768	1.02732
88.1769	0.806322
22.8961	1.65763
34.5764	1.27507
83.4791	0.835731
71.8108	0.906659
9.8685	1.62053
89.0148	0.802744
102.478	0.732407
69.8126	0.924423
82.889	0.826019
83.269	0.828816
52.7288	1.00147
50.5061	1.04698
112.443	0.697309
32.6611	1.18717
106.438	0.720556
94.1413	0.780272
38.9756	1.13987
38.185	1.19821
53.8009	1.00953
52.0656	0.991136
54.039	1.08399
53.1828	1.03775
54.5058	1.05979
42.0714	1.17809
62.7405	0.967437
105.161	0.732956
12.333	2.02568
88.8385	0.80763
69.121	0.925077
37.0199	1.23165
58.6339	1.02705
39.2445	1.25036
62.9976	0.973326
69.0257	0.930667
96.393	0.753612
45.0069	1.12194
26.0574	1.59664
54.088	1.04132
71.7819	0.903389
16.449	1.8973
76.7196	0.866604
37.9862	1.28812
67.1612	0.940513
13.6725	2.1957
92.7909	0.784783
106.502	0.720743
54.4837	1.01371
54.052	1.08893
102.862	0.737802
19.5102	1.7233
53.7466	1.02253
36.2326	1.29656
89.9792	0.790222
28.0862	1.45311
65.5312	0.947203
54.2346	0.96392
28.587	1.35434
79.8498	0.853649
76.2099	0.874041
38.4345	1.12193
38.702	1.25792
83.455	0.833323
38.4192	1.24332
23.2475	1.46249
12.9505	2.07276
69.3423	0.919886
106.609	0.72145
78.7454	0.854779
104.922	0.731366
61.4	0.98437
53.6328	1.00044
52.9773	1.03703
15.475	1.32778
35.8998	1.34551
61.9943	0.983576
81.3752	0.844803
23.5072	1.59936
82.2715	0.827252
89.7342	0.804802
51.2769	1.04286
99.541	0.757507
59.72	1.01104
27.1814	1.53089
32.9518	1.31977
98.4346	0.769132
22.486	1.50658
29.2661	1.38239
13.599	2.1333
80.7289	0.84863
47.1417	1.1107
54.4099	1.04149
39.3044	1.24671
4.58766	4.43959
63.7263	0.967432
67.4874	0.947799
54.8269	1.01332
90.0428	0.795896
103.362	0.737001
53.7581	0.984428
70.5716	0.915968
18.8803	1.85952
35.4169	1.31261
76.9662	0.869767
17.0043	1.82613
94.8316	0.783269
12.1023	2.41905
26.2248	1.4004
36.3568	1.26086
31.1066	1.37492
13.88	2.09439
101.861	0.735113
34.1446	1.26988
12.5832	2.27338
53.8358	1.0539
26.4706	1.22604
84.5209	0.792902
77.0205	0.868594
36.3973	1.26124
18.0972	1.84559
103.324	0.731549
72.3598	0.90227
9.04279	2.38262
72.127	0.9023
44.6129	1.12437
15.82	1.83959
88.1629	0.808613
52.3045	0.98879
39.9696	1.22434
6.45454	2.87729
94.427	0.767754
79.2664	0.848857
53.7196	1.05333
53.7348	1.0595
27.1487	1.44048
70.3181	0.913478
75.0652	0.882521
51.9594	1.00478
37.4543	1.29916
54.0853	1.05139
62.4092	0.995244
38.6942	1.1281
68.5563	0.92257
73.3073	0.893834
38.0704	1.28495
57.2309	1.03999
107.062	0.715044
16.5324	1.91655
52.7188	1.01034
66.1041	0.96148
80.9893	0.846144
35.0853	1.28552
31.3084	1.28326
92.028	0.786649
55.9241	1.05763
36.4271	1.25679
21.9579	1.57386
109.658	0.708075
59.9719	1.01448
13.9813	2.08261
67.7429	0.944433
12.3269	2.32208
5.41759	2.93217
64.2135	0.969997
54.096	1.02891
51.5768	1.04993
31.517	1.36145
109.206	0.705201
84.3655	0.8211
18.5016	1.71487
54.0794	1.0562
92.4574	0.789839
62.6057	0.99116
53.672	1.06701
105.923	0.723178
54.9869	1.03382
59.8881	1.00264
64.105	0.973064
9.4789	2.62079
35.7753	1.27165
35.8476	1.34795
81.6529	0.838717
101.488	0.734428
97.69	0.766717
30.0729	1.40698
64.5044	0.972296
90.3593	0.797983
67.7084	0.930828
36.476	1.27122
12.0523	1.83215
51.3909	1.06031
89.6757	0.78577
27.1419	1.54052
94.1908	0.778072
65.4162	0.950235
87.809	0.810689
96.7859	0.754721
104.846	0.731037
63.7074	0.979761
74.6391	0.883911
16.3554	1.87438
54.2505	1.05228
35.0554	1.27604
96.0162	0.764093
47.7692	1.08546
52.8035	0.97266
100.76	0.751249
53.761	1.04498
3.9594	3.98446
20.9634	1.42318
75.9714	0.872576
53.8088	1.08644
37.2237	1.30151
94.4435	0.760201
55.3825	1.02888
60.3248	1.01056
79.7052	0.853171
17.0431	1.77874
80.2536	0.849765
6.60957	3.42052
65.1132	0.965697
62.3206	0.969797
96.6919	0.759012
51.1172	1.05728
52.9613	1.04525
109.995	0.703214
93.6581	0.775469
20.4191	1.69979
91.8748	0.783969
24.0463	1.40512
39.706	1.22821
54.4041	1.04862
50.7168	1.04713
73.4588	0.89291
12.2366	1.17866
6.78485	2.59389
67.3288	0.931305
76.6092	0.869045
58.2162	1.03656
31.9238	1.20553
24.5403	1.36632
60.603	1.00356
61.9452	0.975831
12.6589	2.15142
107.587	0.713618
37.0457	1.23937
93.9908	0.767613
108.09	0.719935
102.396	0.731351
47.4053	1.07774
24.6551	1.56502
53.9065	1.03969
54.9422	1.07273
96.3945	0.762
32.4817	1.44675
1.94788	5.83734
6.12564	3.68414
81.8857	0.841117
108.112	0.716618
28.1248	1.4519
14.9072	2.17898
25.6175	1.38927
37.9259	1.17066
28.1245	1.46593
84.2517	0.825956
15.1314	2.1383
88.8141	0.798645
51.5208	1.06203
101.787	0.730425
38.9056	1.22631
53.5316	0.989932
22.3222	1.67962
38.04	1.16921
72.5724	0.89672
70.1044	0.920797
15.8283	2.06157
107.658	0.710299
86.6274	0.802057
32.9555	1.43327
4.13744	3.39779
23.2539	1.45856
2.87251	5.76415
94.4862	0.776896
5.57112	3.24521
77.982	0.861045
60.1747	1.01694
33.3091	1.17253
109.445	0.710228
69.4375	0.922242
61.6499	1.0059
36.5929	1.25959
58.2562	1.02791
20.387	1.54363
69.6935	0.920041
24.166	1.39361
44.1064	1.14812
35.481	1.22052
21.2226	1.76242
54.3048	1.06232
48.994	1.05751
9.2858	2.50595
17.9753	1.93299
109.849	0.710904
80.1372	0.843224
27.6538	1.2796
41.8142	1.18713
27.9975	1.46664
91.5547	0.793867
63.0836	0.993747
78.1571	0.857779
19.8841	1.63278
17.5234	1.7363
28.5991	1.44389
24.1363	1.53538
8.41491	2.52233
69.2844	0.924513
74.9579	0.882082
54.0878	1.03512
8.85082	2.72715
29.2894	1.43951
93.872	0.76608
34.8621	1.24352
54.6285	1.04813
33.3705	1.29949
36.4611	1.19413
92.5235	0.774917
6.35298	3.1472
54.6194	1.04436
78.4116	0.855352
52.7138	1.03937
103.377	0.733101
57.659	1.00786
11.7774	2.54371
91.2634	0.777735
70.1314	0.912452
57.438	1.01373
36.3079	1.24886
95.0541	0.782992
31.8962	1.20933
62.1243	0.985943
70.5547	0.917596
109.9	0.706009
24.5028	1.36661
53.8735	1.03852
89.1962	0.7852
17.0979	1.94387
96.8291	0.769566
103.102	0.736763
55.4914	1.05806
21.4594	1.60572
7.82606	2.7792
37.0962	1.18746
56.5989	1.03586
93.1562	0.781861
71.5579	0.907903
53.9826	1.04175
48.0128	1.05699
72.9718	0.897096
49.6459	1.0707
105.089	0.722225
95.7849	0.759872
54.4204	0.997638
48.7628	1.04697
32.1029	1.34348
22.281	1.61666
22.6432	1.50491
36.5835	1.26265
94.0718	0.783591
99.8872	0.763529
36.6844	1.20025
57.2161	1.04905
110.121	0.706624
8.05918	2.88207
90.496	0.790185
43.2356	1.15575
25.5543	1.51074
12.1989	2.33875
61.2639	0.994261
108.684	0.71659
24.93	1.47496
90.2949	0.788892
96.7474	0.763844
41.8435	1.1866
100.356	0.748472
24.3146	1.55538
23.4178	1.57638
79.0789	0.855614
84.9957	0.823729
16.6177	2.06941
6.61659	2.70053
97.656	0.759961
69.2724	0.928751
104.352	0.720154
24.7805	1.54923
101.327	0.755632
14.5337	2.08011
38.3139	1.26318
46.9039	1.07972
8.07978	2.37365
63.6164	0.98047
65.2778	0.969997
96.4881	0.759386
112.184	0.698521
12.426	2.16729
65.0105	0.950582
102.236	0.728617


0	0
99.9805	0.782298
2.81706	5.37928
88.7474	0.81618
18.2871	1.64647
85.8914	0.825621
33.7888	1.28845
31.9995	1.27409
47.2939	1.11558
11.2509	2.23044
89.9805	0.820071
56.494	1.01347
65.9102	0.946823
31.0119	1.37057
11.7844	2.32067
67.0595	0.934132
100.074	0.778734
97.3082	0.793707
25.2364	1.57981
27.9265	1.55949
57.5635	1.03043
66.4495	0.938948
11.6852	1.6047
29.8802	1.41199
73.957	0.869613
20.8517	1.54669
61.2989	1.01472
89.4977	0.829976
59.7709	0.950259
57.7725	1.00971
79.0696	0.822875
43.805	1.13982
87.0341	0.822526
43.1535	1.22105
17.4608	1.80467
12.3301	2.32816
81.908	0.83579
71.2117	0.900414
83.9602	0.831838
85.1804	0.826622
58.1315	1.01731
42.2772	1.16887
62.6783	0.964555
92.2945	0.808841
64.254	0.964836
41.936	1.14729
32.8089	1.3312
96.6048	0.782664
54.6339	1.01849
97.4495	0.792109
50.7764	1.06618
91.8766	0.81957
26.1835	1.49885
87.45	0.83217
35.0774	1.2543
12.915	2.1352
30.9954	1.29013
82.2638	0.837991
98.6086	0.779555
8.03789	2.75686
94.0313	0.788429
70.0058	0.910261
33.324	1.29587
64.0185	0.962902
98.2076	0.786783
14.371	1.35863
15.0387	1.78208
45.3684	1.10617
93.8028	0.791217
87.9304	0.81431
10.6298	2.32762
75.3688	0.865779
34.7964	1.29564
16.8261	1.86015
46.2024	1.08614
96.0263	0.797892
83.7177	0.800852
27.1776	1.45865
36.724	1.30336
90.6641	0.811705
8.50622	2.78192
21.0914	1.67622
58.4792	0.978504
86.1728	0.836192
79.4345	0.848184
28.6858	1.33212
2.21471	3.88764
36.3978	1.29302
99.106	0.783572
12.5001	2.2321
80.4632	0.838497
18.2867	1.63105
58.0503	1.02783
18.8376	1.57729
57.7795	1.00668
86.663	0.821215
23.1696	1.63922
32.3579	1.36286
83.6286	0.830076
77.1582	0.842475
9.41271	1.77885
86.4798	0.82561
91.5285	0.820062
75.903	0.851274
83.8106	0.816604
82.895	0.834338
44.2382	1.19429
45.8425	1.15388
100.13	0.779567
21.2882	1.81834
96.0663	0.798399
91.3092	0.804507
32.3925	1.38352
42.4527	1.0624
55.0101	0.998675
42.0178	1.23197
56.2197	1.04382
52.322	1.04412
58.1079	0.996579
42.6758	1.16045
62.7823	0.966774
99.0161	0.778473
12.0973	2.07558
88.0773	0.81462
71.2647	0.897239
38.2192	1.19042
58.6473	1.02683
43.6087	1.12554
63.2867	0.968961
73.9575	0.868058
87.0839	0.834987
45.9351	1.09826
29.8965	1.41591
56.7167	0.99178
73.1631	0.886259
22.2471	1.32379
82.3118	0.804378
42.8959	1.14334
68.7838	0.918488
19.7652	1.48347
89.7189	0.811725
96.3415	0.796807
57.4858	0.957011
55.3798	1.06535
95.0819	0.798175
21.3608	1.60283
54.8751	1.00046
37.8318	1.22141
86.5777	0.821797
32.3434	1.25129
66.0809	0.940699
41.3838	1.26362
31.6867	1.19797
79.9714	0.852348
77.0991	0.86389
32.8353	1.33046
40.8332	1.19444
83.2228	0.835658
38.4204	1.24353
21.4046	1.60552
14.9366	1.7573
70.7433	0.900373
96.89	0.793832
81.8433	0.823619
97.4982	0.787079
61.4219	0.984366
48.6239	1.10615
53.6913	1.02288
16.6431	1.12923
39.7811	1.22224
62.1673	0.980912
81.4248	0.844286
23.9836	1.56832
84.4503	0.804855
89.3306	0.808441
47.8804	1.11758
95.6457	0.788359
59.747	1.0106
27.2045	1.53025
32.737	1.3282
98.2522	0.770559
17.5811	1.92812
28.5103	1.42214
14.9491	1.94519
83.1912	0.829747
47.0039	1.11459
57.0527	0.978039
42.8578	1.14383
4.55287	4.4603
64.1819	0.960711
74.2741	0.86052
59.8197	0.922183
87.3199	0.820866
96.045	0.793149
44.7176	1.18701
74.4878	0.867278
19.6978	1.78959
39.4673	1.17646
76.8247	0.86911
18.0002	1.72295
94.5035	0.785988
16.3794	1.82643
27.618	1.31825
38.542	1.18719
35.5312	1.19205
14.745	1.97102
91.2498	0.820653
34.0783	1.27316
16.1959	1.75782
59.7289	0.947481
16.6237	2.02816
81.1145	0.829216
78.2686	0.854588
38.5326	1.18976
21.3256	1.55983
93.2524	0.810564
78.4138	0.830491
9.27176	2.31413
74.7914	0.869826
48.6716	1.02291
19.5424	1.40776
86.8884	0.820517
41.681	1.24302
36.8122	1.26765
10.0731	1.34222
87.3829	0.830036
82.8607	0.810411
59.8968	0.941413
59.7137	0.951486
26.6394	1.46859
70.1114	0.911394
76.612	0.864575
42.5909	1.22664
42.1357	1.15993
58.5074	0.974194
64.772	0.960404
28.7444	1.52193
69.0738	0.915641
76.4546	0.856434
44.3575	1.10313
57.4479	1.03629
94.9025	0.806719
17.7065	1.78866
46.4539	1.14801
72.3256	0.879064
81.1578	0.844376
34.9448	1.2913
33.5894	1.18094
88.6491	0.81676
56.5811	1.04613
38.123	1.19885
26.1111	1.28648
96.8215	0.79499
60.2964	1.00932
15.7857	1.84007
73.8585	0.865721
12.4249	2.30848
5.44337	2.91716
65.7859	0.947368
57.8365	0.957346
50.4397	1.07392
33.5471	1.27873
97.2008	0.799654
81.4561	0.843242
23.7238	1.24543
58.9105	0.965089
90.7711	0.804529
64.6595	0.960862
60.3233	0.9552
96.0056	0.797916
56.3695	1.00867
59.8936	1.00255
66.0835	0.944674
9.9352	2.5129
36.8161	1.23479
40.0961	1.21343
82.3902	0.829345
91.3056	0.821745
94.7839	0.789903
31.6223	1.33826
68.9412	0.915287
88.561	0.814232
68.186	0.924328
37.5948	1.2337
6.64125	3.35274
51.1978	1.06428
85.3057	0.826368
27.9079	1.49646
90.5727	0.809218
66.624	0.938428
87.1426	0.816925
88.0674	0.829962
97.1121	0.789278
66.2783	0.942845
78.6322	0.837847
15.9632	1.90727
58.3884	0.977252
33.8257	1.32256
89.5795	0.819191
45.0347	1.15169
41.1537	1.25425
95.975	0.788704
54.5174	1.03048
5.09871	3.04992
20.301	1.48656
81.7808	0.807708
56.1753	1.04472
38.365	1.25288
86.1588	0.834618
56.2169	1.01359
59.9091	1.01203
80.1268	0.848649
22.3368	1.24376
80.6361	0.845701
9.36592	2.55083
68.1834	0.923017
62.3235	0.969812
89.2086	0.822939
49.9923	1.08128
54.0084	1.02926
96.4066	0.800255
88.5124	0.820798
24.1162	1.41886
87.5929	0.822575
21.5772	1.592
40.6984	1.19896
58.2218	0.978238
46.5793	1.14046
77.3737	0.846757
6.69977	3.04608
7.67731	2.18008
67.4364	0.929821
80.5089	0.825551
58.2848	1.03542
25.044	1.5671
21.1244	1.61501
60.8097	1.0003
62.0432	0.974845
13.6122	1.99587
95.5923	0.803246
41.0601	1.10853
86.9207	0.830728
100.408	0.775123
90.8651	0.824219
45.4561	1.12488
28.0178	1.37173
57.5195	0.972177
55.975	1.05532
89.6408	0.819606
34.5752	1.3913
3.32554	3.04762
9.27851	2.66469
81.9063	0.840904
98.9965	0.785049
31.3512	1.29228
16.1896	2.02875
27.229	1.28988
31.1726	1.42692
28.9721	1.42474
83.6618	0.831841
19.4957	1.68666
86.8207	0.822199
51.4466	1.06356
89.136	0.834302
38.9197	1.22597
44.6681	1.18401
23.7555	1.58158
30.9957	1.43466
72.9631	0.891911
74.8203	0.861995
16.5662	1.98049
94.0509	0.813129
85.0263	0.817702
32.9573	1.43332
4.8161	2.75108
18.4202	1.82819
2.91234	5.71628
89.628	0.81404
5.60084	3.22913
80.0473	0.83835
61.0505	1.00318
25.5771	1.55975
98.9988	0.785372
71.4726	0.895854
64.219	0.967025
41.8541	1.08911
58.2944	1.02727
19.2937	1.64486
72.2622	0.889096
21.7352	1.58053
44.3277	1.14236
34.642	1.25163
24.4146	1.5448
58.1036	0.994089
44.1849	1.17378
9.31688	2.49838
18.2223	1.91058
100.529	0.777024
83.037	0.812544
19.1439	1.87645
46.532	1.06121
29.5679	1.38947
90.0007	0.807594
68.1492	0.922331
81.5912	0.820372
23.0371	1.3624
18.3482	1.64859
28.9883	1.43085
26.3621	1.39617
7.5594	2.81552
71.7998	0.892066
75.729	0.87349
58.9449	0.94545
12.65	1.86177
29.8114	1.41191
86.4335	0.832674
33.2338	1.30822
57.3906	0.990794
32.7013	1.31534
32.0925	1.36432
86.5779	0.828865
4.57242	4.12928
58.3441	0.976958
82.1648	0.81469
53.724	1.02293
94.1404	0.805031
57.8319	1.00713
12.0521	2.50221
85.8224	0.82816
70.3869	0.909139
57.9583	1.0047
35.8638	1.26316
95.0256	0.783227
24.7787	1.58379
62.5429	0.979553
76.8966	0.840073
97.9886	0.792077
18.8871	1.81177
57.3869	0.976441
85.6269	0.820039
19.5166	1.70629
93.8296	0.794176
95.2138	0.797799
56.8617	1.03386
21.4704	1.60432
12.1069	1.56678
30.2711	1.45549
57.8539	0.993397
89.535	0.813581
75.5726	0.858923
57.4203	1.00604
47.0758	1.07928
78.7887	0.82876
47.5338	1.11836
93.2873	0.813596
87.795	0.829554
52.894	1.02845
45.48	1.12642
32.1499	1.33224
22.2604	1.61617
19.9413	1.72177
36.7186	1.25744
92.5022	0.796895
99.7176	0.764827
30.4795	1.44173
56.986	1.05197
98.9573	0.786596
9.65252	2.4256
86.7772	0.824374
46.5331	1.06905
25.7245	1.50086
11.7024	2.43381
61.4772	0.990936
100.293	0.776685
23.5357	1.56384
86.0852	0.827939
91.1479	0.810849
48.3391	1.01598
93.5358	0.803058
24.3551	1.55333
23.4097	1.57687
80.0361	0.84525
84.3131	0.830442
16.8485	2.04667
4.74193	3.77643
91.7613	0.80884
73.8684	0.868564
90.4881	0.830526
25.5764	1.50138
99.8545	0.766773
18.7657	1.58229
39.2201	1.23554
47.3861	1.068
9.64043	1.80899
65.5341	0.95132
71.0734	0.891364
88.9269	0.824251
100.809	0.781778
12.4214	2.16688
65.1903	0.947978
89.4702	0.833104


0	0
109.599	0.713908
6.70616	2.22171
90.382	0.801496
13.1815	2.27677
84.7877	0.836252
29.2475	1.48198
34.4979	1.16555
48.1567	1.09788
11.6621	2.14821
96.5999	0.764032
56.6802	1.01012
69.314	0.899792
31.3309	1.35668
12.2672	2.22733
68.2185	0.91298
108.001	0.721757
107.618	0.717784
28.6808	1.39287
38.9657	1.11696
58.2369	1.01901
67.2292	0.928051
12.9122	1.27824
31.3694	1.34571
74.5678	0.860235
16.0151	2.018
67.8021	0.920797
100.12	0.742071
62.9868	0.902225
59.1035	0.988194
77.908	0.838101
44.61	1.12576
88.3458	0.810705
52.9137	0.996343
20.8429	1.48979
14.9032	1.94674
78.2529	0.874654
71.8098	0.894725
82.5643	0.84583
82.9601	0.848487
58.8004	1.00603
44.7279	1.1054
62.688	0.964806
99.0257	0.753809
66.3435	0.934757
41.4765	1.16064
31.7749	1.3744
99.605	0.75909
52.3682	1.0593
107.221	0.720014
47.4312	1.13841
103.333	0.728721
25.1507	1.55857
93.2259	0.781077
30.966	1.41861
12.6931	2.17923
22.7973	1.73685
80.1184	0.860334
104.222	0.737587
8.01148	2.7637
94.5375	0.784207
70.4996	0.903832
31.3528	1.378
64.7219	0.952572
106.943	0.723532
6.96502	3.23535
14.6542	1.83719
42.2957	1.18755
95.1438	0.780069
87.9452	0.814173
9.80968	2.51946
74.7152	0.873633
33.7004	1.33924
17.4578	1.79597
41.7017	1.20452
105.796	0.724246
74.3201	0.904433
27.1406	1.46029
36.82	1.29968
94.8103	0.776299
13.1856	1.68034
21.7325	1.62723
59.9223	0.950134
90.8924	0.795487
76.855	0.876738
29.8513	1.27111
1.64595	5.76031
38.6955	1.21427
107.776	0.720668
12.4864	2.23394
74.5671	0.89913
20.7521	1.37766
58.2359	1.02478
19.8185	1.47751
58.9826	0.986027
86.0772	0.826769
23.5705	1.61266
34.2103	1.28873
82.447	0.842022
76.4765	0.850917
7.20977	2.64169
87.5921	0.815178
102.332	0.733516
76.96	0.838793
75.6734	0.90355
79.99	0.865107
51.9216	1.01823
50.4677	1.05157
108.643	0.718974
32.4426	1.19174
106.193	0.722311
93.5148	0.78547
35.4188	1.26814
34.6546	1.32092
47.1898	1.16133
50.011	1.03475
59.0747	0.994499
49.1533	1.11089
61.0571	0.946716
41.835	1.17764
62.8323	0.966009
104.894	0.734884
9.65	2.59753
88.244	0.813085
72.2515	0.88394
33.2706	1.36861
58.6704	1.02643
45.9923	1.06275
63.7153	0.962547
75.5254	0.849002
93.1067	0.781418
41.2921	1.22096
33.4142	1.26275
55.5873	1.01172
73.1714	0.886157
23.5702	1.21287
75.5547	0.87959
46.2037	1.05482
68.3344	0.897221
22.4126	1.22745
91.7084	0.794174
106.229	0.722693
48.6278	1.13346
57.2353	1.03283
102.86	0.737817
19.7946	1.73108
47.9637	1.14235
40.0627	1.14901
84.7286	0.839138
31.8633	1.27322
66.3541	0.936831
54.1115	0.96653
22.5249	1.71184
79.3984	0.858496
76.4913	0.874758
30.3875	1.43394
42.8367	1.13711
82.2423	0.84559
38.4204	1.24353
22.0891	1.52551
9.6822	2.68923
73.009	0.881831
106.459	0.722515
75.9181	0.888222
104.745	0.732652
61.4468	0.983896
48.6803	1.1049
49.4795	1.11119
15.2804	1.38022
43.6628	1.11048
61.5396	0.990101
80.4846	0.854133
24.5802	1.53012
73.4358	0.920837
89.5057	0.80686
49.532	1.08051
99.5178	0.757783
60.8329	0.993957
27.2465	1.52802
31.6252	1.37414
98.4343	0.769134
22.4158	1.51216
27.0194	1.4993
16.2469	1.7847
80.4749	0.857774
47.1597	1.11049
54.7722	1.02104
45.0275	1.08503
4.86717	4.27196
64.8467	0.950971
77.1244	0.825464
51.0149	1.08824
87.8238	0.816188
103.34	0.737163
51.7585	1.02391
74.9531	0.861659
20.7917	1.70039
41.1957	1.12199
75.7966	0.880301
16.3753	1.89625
94.8037	0.7835
19.2739	1.50696
18.9381	1.91639
35.7012	1.2843
33.8365	1.20879
16.1285	1.80073
101.63	0.73688
29.297	1.47624
17.8155	1.55256
60.3288	0.937185
24.4692	1.36575
69.8115	0.959936
76.2236	0.877655
36.2625	1.26712
22.3268	1.47035
103.31	0.731657
76.8668	0.848412
6.32712	3.35096
74.3911	0.874634
41.573	1.2061
17.1117	1.68304
86.806	0.821293
51.0653	1.01611
39.3401	1.18559
6.95952	2.65116
92.0284	0.788429
74.6464	0.900875
59.7648	0.94377
61.306	0.92432
25.0633	1.55955
71.2077	0.897187
75.515	0.876817
51.9027	1.00413
45.7498	1.06205
59.7516	0.95209
69.4962	0.921862
43.1034	1.06594
69.2856	0.912819
75.0462	0.872712
47.9182	1.01071
57.7981	1.03034
106.836	0.716652
18.5099	1.70629
50.4212	1.05853
75.9992	0.833575
79.6683	0.860131
34.746	1.29867
23.5838	1.69311
90.3903	0.801103
57.5854	1.02881
35.1163	1.30348
23.317	1.46454
105.643	0.726149
60.9299	1.00026
16.2415	1.78065
75.5172	0.84099
12.4041	2.31212
5.12262	3.13895
67.8531	0.923612
51.5226	1.07727
50.4484	1.08171
32.1858	1.33528
111.51	0.6998
78.3998	0.875697
15.3662	2.07285
60.5134	0.937487
93.5566	0.78286
67.1946	0.922781
63.0149	0.91097
105.745	0.724457
56.6483	1.00361
59.9026	1.00241
68.3296	0.913469
10.9519	2.28771
34.2719	1.32673
44.4368	1.0906
77.1137	0.885094
102.467	0.732255
97.5662	0.767382
32.7293	1.29178
71.6715	0.879396
89.2684	0.807802
68.6412	0.918175
37.907	1.22337
11.8514	1.87661
50.2023	1.08509
81.752	0.861559
28.2631	1.47784
93.3349	0.785331
66.7381	0.936571
85.8719	0.828952
94.4221	0.774438
104.694	0.732143
69.0729	0.903666
75.6315	0.872241
15.4261	1.97084
60.7295	0.940647
34.4187	1.29716
94.6764	0.775254
46.8474	1.10735
50.6536	1.02074
100.757	0.751271
54.6358	1.02825
6.19945	2.28864
10.6705	2.71789
76.0288	0.87257
59.0829	0.994648
39.5467	1.21626
88.9199	0.809059
56.4764	1.00887
60.39	1.00434
78.4564	0.866706
20.381	1.42357
78.7287	0.866161
11.3809	2.07662
71.016	0.885307
62.3282	0.969738
95.2095	0.771277
49.4394	1.09327
52.8208	1.05256
108.192	0.713229
91.6255	0.793071
23.0565	1.49443
90.4931	0.800473
18.3054	1.86565
41.7711	1.16788
59.41	0.95748
50.0435	1.0635
75.5447	0.868029
10.9488	1.58032
7.19231	2.3996
68.2863	0.922165
75.4341	0.882576
58.3965	1.03355
27.0749	1.45104
20.326	1.69544
61.1465	0.995009
62.0632	0.974535
13.2713	2.05666
107.057	0.716462
36.4068	1.26109
90.3282	0.799699
107.254	0.725752
102.163	0.733119
42.1999	1.20964
28.1703	1.36469
54.8209	1.02241
57.3949	1.03063
93.9823	0.779649
37.9495	1.27992
1.57228	6.96165
12.3364	1.99642
80.4149	0.856455
108.33	0.717527
30.4427	1.33488
17.0905	1.93281
16.2272	2.14367
36.897	1.20566
29.8582	1.38186
81.3527	0.855282
22.9444	1.39304
85.8993	0.830911
51.1468	1.0698
101.115	0.735617
38.9181	1.2262
51.6551	1.02796
25.4554	1.47473
37.0778	1.2012
72.6703	0.894833
75.6297	0.852261
17.9494	1.83659
107.437	0.711869
77.6259	0.894056
33.0264	1.43046
4.32858	3.20979
23.2113	1.42778
2.8516	5.78968
93.1318	0.783409
5.60033	3.22293
75.9461	0.884008
62.6917	0.979063
28.8038	1.3866
108.374	0.717603
70.4124	0.898136
67.0693	0.925295
39.0828	1.17561
58.4734	1.02482
14.5368	2.1581
72.7722	0.882912
16.2325	2.08065
43.6169	1.16097
27.802	1.54722
26.7384	1.40894
61.2311	0.942427
47.7043	1.08888
9.34302	2.49198
18.5094	1.88345
108.529	0.719921
74.6937	0.903909
26.6057	1.34662
45.2802	1.09266
30.5315	1.34618
90.9337	0.799325
72.6881	0.862487
75.1656	0.891974
15.2937	2.10129
14.7126	2.08598
28.8585	1.4225
22.5186	1.65241
7.57781	2.80858
73.2122	0.875376
75.1014	0.880822
52.7782	1.05249
14.4177	1.53881
30.5115	1.37916
89.2467	0.806744
29.7263	1.45838
59.5858	0.953223
29.9889	1.43169
32.0216	1.36474
88.0266	0.815388
1.70837	7.733
59.4243	0.956725
76.6395	0.880377
49.4313	1.11122
103.377	0.733101
58.1277	1.00203
16.0839	1.96652
84.4541	0.841341
70.5126	0.907514
58.5061	0.994066
33.6497	1.34504
95.0521	0.783008
31.2635	1.29155
63.2631	0.968483
77.1835	0.837515
108.82	0.713428
20.9657	1.63483
55.0049	1.02307
79.557	0.881096
21.2706	1.56026
96.6556	0.770969
103.097	0.7368
58.7783	1.00062
18.6907	1.83928
13.5099	1.20713
37.0145	1.19076
59.8446	0.959123
89.0223	0.811667
75.3031	0.86213
58.087	0.993831
38.8364	1.29878
76.6186	0.853667
49.2473	1.07928
105.079	0.722297
93.1629	0.782085
45.8404	1.17884
41.9782	1.21763
31.8464	1.34503
22.1579	1.62344
19.3947	1.76817
36.6412	1.26228
93.8172	0.785735
99.8678	0.763677
36.0974	1.2181
56.9837	1.05201
108.867	0.715198
9.08042	2.56919
87.1633	0.820757
40.0741	1.19104
25.6733	1.50387
11.2706	2.51609
61.8173	0.985659
107.708	0.723342
21.629	1.69587
86.1978	0.82687
96.0564	0.769497
46.8996	1.05227
100.256	0.749243
24.0482	1.52773
23.2801	1.57784
77.2429	0.87585
83.0095	0.843413
17.0787	2.02187
6.54074	2.74159
97.1643	0.763926
75.6204	0.847052
104.25	0.720915
26.1211	1.46894
101.305	0.755796
20.2265	1.42576
40.4959	1.19759
41.5789	1.26974
9.58773	1.8319
68.1492	0.915013
74.9539	0.842551
94.8221	0.773235
111.657	0.70598
12.4537	2.15776
65.444	0.944313
101.757	0.732631


0	0
102.915	0.760751
6.08875	2.58252
90.9293	0.796639
16.9556	1.79868
89.9247	0.790439
36.6459	1.18475
32.7665	1.23915
47.7559	1.10699
10.6318	2.36217
91.6366	0.806028
56.4734	1.01412
71.6828	0.86836
31.3592	1.35484
14.3754	1.89629
69.3511	0.897568
102.347	0.761939
98.4263	0.785088
28.2466	1.41307
30.5469	1.44054
59.6143	0.994996
67.833	0.919698
12.8702	1.30093
32.558	1.29552
71.7603	0.895026
18.4004	1.76735
73.4377	0.845914
90.8155	0.81851
59.893	0.955748
60.1192	0.971224
69.3194	0.942229
41.7719	1.20305
88.3356	0.810833
44.3041	1.19059
23.6628	1.24357
17.0869	1.66995
81.8161	0.839773
71.0654	0.904178
84.8772	0.822774
88.1414	0.795906
59.677	0.99287
43.2505	1.14214
62.6897	0.964781
92.7443	0.804956
68.3819	0.908165
41.0328	1.17266
34.208	1.27666
96.6132	0.782597
51.8977	1.06824
98.428	0.784566
54.3674	0.99118
91.9893	0.818621
29.8176	1.30358
91.4985	0.795825
36.5392	1.19938
14.1593	1.95055
31.3426	1.27326
81.3929	0.843992
98.9004	0.777548
8.15698	2.70814
94.1147	0.787731
70.262	0.906904
30.4567	1.40431
65.5177	0.941049
96.4377	0.796655
10.7179	2.14721
12.2049	2.22913
41.7096	1.20375
94.0249	0.789402
88.0297	0.813392
13.7949	1.70762
71.5986	0.911672
38.0754	1.19957
17.6824	1.77268
42.3142	1.19343
96.378	0.795111
73.4763	0.914323
27.1195	1.46299
36.9426	1.29525
91.9887	0.80022
13.0381	1.70429
22.3134	1.58318
58.1745	0.980296
92.7181	0.779453
76.9181	0.876029
26.9978	1.42421
2.20114	3.91374
41.1599	1.14041
100.601	0.772336
12.3631	2.24868
75.858	0.884213
21.5509	1.31646
58.4395	1.02004
18.3196	1.63171
59.761	0.97306
88.5264	0.803791
24.0076	1.58407
32.8649	1.34175
82.0505	0.84607
70.5652	0.922901
9.72308	1.6434
88.3666	0.807992
91.8006	0.817758
71.3581	0.903362
81.8321	0.836941
84.7033	0.81844
45.7801	1.158
47.0551	1.12841
103.318	0.756455
21.4532	1.80575
96.5104	0.794895
92.1494	0.797141
37.9142	1.18033
30.6469	1.47825
53.1475	1.03527
45.8282	1.1324
61.869	0.948458
52.5373	1.04045
62.1259	0.929207
42.0342	1.17725
62.7667	0.963803
99.4555	0.774894
13.3217	1.84895
88.7263	0.808656
71.3716	0.895121
35.1355	1.29802
58.8003	1.0247
44.7113	1.09626
64.1224	0.955273
72.3182	0.888366
91.8183	0.792194
43.4557	1.16069
35.3086	1.18582
52.4595	1.07173
71.7956	0.903084
22.018	1.35641
69.2358	0.955861
45.9882	1.06091
69.9142	0.876905
21.2882	1.33196
91.1732	0.798858
96.8324	0.792949
50.137	1.1005
59.3689	0.995605
95.0852	0.798148
19.8932	1.72039
52.2743	1.05097
38.1847	1.21262
90.8523	0.781933
27.1936	1.50019
66.6087	0.933241
41.7385	1.2541
25.0937	1.55288
79.7046	0.855204
75.263	0.88886
38.9716	1.09734
43.8198	1.10994
83.6348	0.831519
38.4226	1.24223
16.6481	2.01247
14.4355	1.80732
72.6373	0.878475
97.2695	0.79087
77.7913	0.872425
97.8017	0.784719
61.1474	0.985142
53.5123	1.00228
52.0229	1.05809
13.6272	1.68602
46.2524	1.04104
62.039	0.9823
81.3229	0.845348
25.099	1.49814
78.8157	0.859994
89.5473	0.806076
50.0803	1.06877
95.7301	0.78777
60.7781	0.994658
27.3049	1.5249
33.1118	1.31254
98.2526	0.770557
17.6467	1.92045
28.3161	1.4293
15.839	1.83372
81.7533	0.844468
46.9007	1.11602
50.4372	1.10706
44.1088	1.10638
4.71906	4.36037
65.5502	0.940498
74.0635	0.862981
47.4911	1.16291
89.6425	0.798327
96.0867	0.792817
48.4585	1.09968
71.5737	0.903985
22.1481	1.59737
39.2618	1.18137
76.082	0.877031
15.3445	2.01884
94.5442	0.78565
20.9612	1.3354
24.5316	1.50476
33.7384	1.35812
33.9073	1.20706
14.9126	1.956
91.6746	0.817039
34.1495	1.26911
14.0434	2.04283
55.1187	1.03003
17.5978	1.92039
79.6472	0.845719
75.4749	0.886255
33.8965	1.35298
21.8814	1.50266
93.2753	0.810374
69.6816	0.936043
8.83339	2.44724
71.5058	0.910062
38.7435	1.28933
9.86424	2.80042
88.2023	0.808214
44.2916	1.17546
40.5447	1.14777
10.0262	1.3907
90.9293	0.79808
74.2772	0.905172
53.4913	1.05807
57.2216	0.995032
27.5171	1.42111
71.1777	0.89757
74.498	0.888195
42.5742	1.22506
46.6062	1.0399
57.1144	0.998242
71.0363	0.901922
44.2731	1.03017
69.0489	0.915973
71.3547	0.917597
47.0991	1.03102
58.246	1.0227
95.3274	0.803318
18.6428	1.69521
49.7141	1.07395
74.8401	0.847704
80.8011	0.848122
35.1532	1.2799
27.1978	1.4873
90.7217	0.797797
58.823	1.0079
34.158	1.33865
15.1514	2.19873
96.6244	0.792458
61.5639	0.989694
15.3912	1.89043
72.3987	0.880648
12.369	2.3182
4.47405	3.62585
69.0852	0.906874
48.9237	1.13171
52.061	1.04807
29.8711	1.43675
100.538	0.777045
82.9404	0.827918
21.3305	1.47643
57.0282	0.998048
91.1421	0.803665
69.3112	0.893912
62.3003	0.922541
96.3319	0.795334
55.5328	1.02395
59.9153	1.0022
70.0273	0.890783
11.8612	2.10294
35.3366	1.28752
43.3834	1.1005
80.2184	0.851402
92.0764	0.815443
94.8749	0.789115
32.7658	1.28829
72.2681	0.871239
89.8496	0.802556
68.7993	0.916047
36.9975	1.25389
7.12902	3.16713
51.1566	1.06077
91.0341	0.772893
28.6787	1.45738
91.7974	0.798929
67.06	0.932083
88.481	0.806866
91.6358	0.794733
97.3751	0.787222
70.9018	0.879264
70.8379	0.930109
15.9073	1.915
58.7472	0.974466
34.2168	1.30522
91.6345	0.800551
46.4391	1.11867
45.7454	1.13536
95.9796	0.788667
53.9182	1.04209
7.16007	1.64667
20.2918	1.48742
69.0974	0.956643
61.9395	0.947399
40.6921	1.18167
92.7984	0.775692
55.8765	1.0198
60.9347	0.997755
79.187	0.858762
13.7802	2.18396
79.7961	0.854651
14.0593	1.53996
72.0742	0.880778
62.3349	0.969707
91.5056	0.802762
51.7162	1.04953
52.1684	1.06628
97.9935	0.787926
91.2306	0.796383
18.636	1.85583
90.6349	0.799213
25.1839	1.32118
42.3466	1.15162
56.8254	1.003
48.0309	1.10805
70.8004	0.925674
10.7848	1.63496
4.12802	4.217
68.7533	0.915856
71.1888	0.931831
58.3017	1.0339
31.0509	1.24616
26.2679	1.2565
61.5949	0.98801
62.0242	0.97504
11.8945	2.28609
98.9196	0.781242
31.3326	1.45039
91.6352	0.788107
101.765	0.765078
91.3005	0.8205
47.9642	1.04294
24.582	1.56705
50.4936	1.10847
58.6186	1.00719
91.8171	0.798187
41.5965	1.16417
3.30326	3.09634
14.5411	1.59734
81.8648	0.841334
100.265	0.775501
25.2901	1.593
17.9915	1.84319
28.018	1.25228
36.8364	1.24452
30.5181	1.34954
84.6939	0.821572
24.4381	1.27851
90.2736	0.791979
51.5257	1.06174
90.3924	0.823336
39.1534	1.22078
46.9304	1.12945
26.5062	1.41119
32.8335	1.35933
72.4221	0.897921
71.6651	0.89972
19.8432	1.65455
94.9809	0.807057
87.832	0.790469
33.3149	1.42148
4.72658	2.84603
27.2403	1.25626
2.97959	5.63621
89.8464	0.812096
5.57821	3.23643
75.2777	0.891683
64.2395	0.955001
32.1445	1.22988
100.822	0.771696
69.1015	0.915455
70.5581	0.882474
31.6866	1.44072
58.5402	1.02372
15.3916	2.05163
71.1762	0.903023
24.209	1.40014
43.9854	1.15122
36.1397	1.19655
28.0997	1.33166
61.9858	0.929673
46.2776	1.14149
9.29521	2.50518
19.0549	1.83757
102.675	0.76127
75.5257	0.892926
23.0952	1.56809
39.6858	1.24775
30.5098	1.34755
90.8031	0.800477
75.0487	0.834448
73.5957	0.910363
18.1326	1.79464
18.1881	1.68204
30.3426	1.34952
21.0934	1.7545
8.41466	2.5222
71.6838	0.894555
74.4305	0.888729
48.1879	1.14882
14.5459	1.52097
31.4615	1.34001
92.0318	0.781861
35.4492	1.22324
57.3771	0.990861
26.7355	1.56058
38.1191	1.15976
91.6295	0.782809
9.67443	1.9164
56.6593	1.00496
74.3482	0.906608
52.137	1.05373
94.1405	0.80503
58.046	1.00152
20.6664	1.50482
91.9226	0.771824
70.3836	0.909182
58.8912	0.988859
36.3887	1.24364
95.0285	0.783203
21.7733	1.81422
63.9866	0.957717
70.8961	0.913987
99.8883	0.777664
23.6172	1.43115
51.1466	1.09842
91.3869	0.767031
21.9711	1.50166
94.0987	0.791936
95.2231	0.797725
60.7641	0.967691
20.9587	1.64513
12.0402	1.58042
30.4482	1.44394
59.4773	0.965373
91.5264	0.78929
71.0582	0.914085
58.1686	0.992414
47.9549	1.05396
69.5071	0.940705
48.0577	1.1061
93.3059	0.813443
90.8516	0.799671
55.3501	0.977277
49.9472	1.0196
30.9089	1.38551
22.1824	1.62164
22.7668	1.4948
36.6386	1.26416
92.8687	0.793769
99.7374	0.764676
31.3667	1.40372
56.9522	1.05225
101.099	0.770572
7.50145	3.0514
90.9946	0.784072
40.0872	1.1898
25.49	1.5155
15.8708	1.74471
62.2642	0.978774
101.886	0.764897
25.38	1.44202
90.2337	0.789447
92.2334	0.801515
38.7147	1.27741
93.7063	0.801645
22.0097	1.6673
23.0689	1.59288
77.8527	0.869076
85.3911	0.819866
17.2152	2.00823
4.82745	3.71888
92.5557	0.802072
72.5647	0.884539
90.6909	0.82879
26.0699	1.4721
99.8879	0.766518
20.7518	1.37579
41.0624	1.17961
55.2248	0.960723
7.74222	2.49718
70.2943	0.886032
74.9357	0.842775
91.434	0.805725
104.788	0.752887
12.3389	2.17972
66.598	0.931009
90.4813	0.824471


0	0
106.486	0.735368
6.06961	2.59929
88.2958	0.820286
19.2588	1.54612
83.2962	0.853199
30.979	1.40278
27.3479	1.49622
48.0639	1.10019
9.90595	2.52474
94.9662	0.77787
56.0429	1.02191
72.3222	0.860043
30.9721	1.36951
11.5367	2.3575
69.5488	0.894902
105.614	0.73846
104.392	0.734413
25.741	1.5487
37.2213	1.18032
60.7107	0.978283
68.0374	0.916887
11.9171	1.54051
32.7318	1.28574
67.8128	0.946377
20.6861	1.55415
76.5365	0.807047
98.6541	0.753782
53.7939	1.06621
61.0597	0.957875
67.5392	0.964204
42.9028	1.17208
87.1966	0.821394
51.7647	1.01878
23.1875	1.2841
19.0752	1.44423
82.2714	0.83515
69.8672	0.918875
83.3384	0.838042
81.7597	0.857587
60.501	0.97938
40.3717	1.2227
62.6919	0.964748
98.4575	0.758301
69.6501	0.890774
40.4007	1.19101
31.6801	1.37941
99.5945	0.759171
53.4815	1.03663
106.159	0.727527
47.1343	1.14508
103.214	0.72961
23.2003	1.67869
89.4455	0.814983
29.7668	1.47252
13.5022	2.05119
29.7648	1.3476
82.2506	0.835012
104.199	0.737264
8.75724	2.52083
94.4338	0.785071
69.5056	0.916804
30.917	1.38417
66.2435	0.930634
106.406	0.722097
14.6324	1.28873
10.2744	2.60195
45.0454	1.11446
94.6419	0.783755
87.8748	0.814825
9.14539	2.68646
70.9463	0.919846
35.5163	1.28828
17.82	1.76065
46.4743	1.08515
105.03	0.728474
83.4143	0.804474
27.1984	1.4585
37.0863	1.29011
93.3197	0.788846
8.69636	2.70417
22.6321	1.55763
54.0034	1.05629
84.709	0.852301
79.4665	0.847836
22.0814	1.72981
1.02746	8.70795
42.4584	1.10102
106.14	0.732149
12.5042	2.22872
80.4247	0.833414
16.0534	1.89369
58.8295	1.01378
15.2113	1.98978
59.8116	0.972211
85.2055	0.835106
24.337	1.56007
33.6827	1.31032
83.6867	0.829493
68.2758	0.952858
9.53849	1.71076
85.9789	0.830353
102.043	0.735715
65.5757	0.979447
81.6451	0.827434
82.6754	0.835454
50.5439	1.0501
49.3478	1.07627
105.377	0.741739
32.1624	1.20579
105.27	0.729541
92.5553	0.793653
30.0616	1.47888
40.4905	1.12319
56.3411	0.973333
46.5884	1.11688
63.9871	0.913679
52.2635	1.04544
60.8919	0.949484
41.4309	1.19448
62.8016	0.963398
104.333	0.738316
8.43419	2.91356
87.7438	0.817703
69.2314	0.922892
38.8398	1.16996
58.8426	1.024
40.5935	1.21184
64.5901	0.948358
67.3741	0.952618
87.7848	0.82766
46.4034	1.08491
34.9153	1.19815
52.5697	1.06959
71.4978	0.908837
19.8998	1.54919
77.5292	0.856486
42.2214	1.15951
70.642	0.867056
15.1438	2.00584
90.1814	0.807611
105.897	0.729313
57.9367	0.948188
61.6043	0.958852
102.856	0.737845
21.0877	1.62275
55.5141	0.986494
34.2854	1.34814
82.6761	0.859248
24.4964	1.6494
66.7642	0.931054
53.8213	0.972625
32.3112	1.17231
80.0482	0.851526
77.5956	0.862066
28.0417	1.53956
43.3968	1.12156
82.9634	0.838275
38.4019	1.24272
23.8869	1.39076
11.8025	2.25189
69.7248	0.913521
105.777	0.723152
82.742	0.81943
104.135	0.741076
61.1358	0.98425
44.9795	1.19064
54.5917	1.00615
12.478	1.90746
47.6926	1.00982
62.6265	0.97327
81.4448	0.847396
25.2509	1.48788
84.5767	0.799279
89.1749	0.809442
47.226	1.13064
99.4733	0.758129
60.8383	0.993828
27.3974	1.52035
32.5378	1.33694
98.4339	0.769137
22.3726	1.51265
29.3307	1.37857
13.9559	2.08674
83.147	0.830196
47.1038	1.11109
52.9547	1.05772
41.5887	1.17651
7.21853	3.23664
66.2206	0.931022
67.1355	0.952446
57.8143	0.954185
85.6706	0.835234
103.29	0.737534
48.2256	1.10495
68.2397	0.947295
23.1865	1.52118
35.2895	1.31831
77.0512	0.865975
17.3806	1.78504
94.7534	0.783901
21.5717	1.27638
28.2429	1.27998
36.9515	1.24264
33.8812	1.21598
13.0803	2.22104
101.176	0.740367
33.9235	1.27814
10.5418	2.6331
49.8732	1.13256
25.733	1.26344
85.8523	0.781768
77.7474	0.86041
36.5096	1.2588
21.0941	1.56722
103.287	0.731828
68.5181	0.945359
9.5057	2.24791
70.367	0.924443
47.4733	1.05338
17.0988	1.69112
86.0275	0.828626
48.8641	1.06589
39.6812	1.17446
6.72059	2.76664
88.3404	0.82128
82.6887	0.812215
49.2472	1.14393
51.1114	1.11069
26.3069	1.49275
70.081	0.911736
74.6741	0.886116
51.9982	1.00608
44.4268	1.09624
52.9354	1.07586
71.9441	0.890369
39.749	1.16622
68.5234	0.923013
71.5758	0.914843
42.3513	1.15779
58.848	1.0141
106.391	0.719833
17.7961	1.77985
47.0764	1.13335
69.503	0.915537
81.2991	0.842896
34.5839	1.30282
34.4193	1.14275
88.2197	0.820318
60.1678	0.985685
37.5365	1.219
24.4552	1.38163
104.815	0.730561
62.3604	0.977399
14.0756	2.06576
66.798	0.954222
12.3214	2.3239
3.84018	4.17852
69.5197	0.901042
56.2237	0.985896
50.7143	1.07606
31.4658	1.36593
108.273	0.721782
81.7891	0.839781
19.9818	1.60948
51.7485	1.09756
92.4149	0.792631
70.5067	0.877593
58.2805	0.98912
105.385	0.727052
54.2772	1.04711
59.9316	1.00194
70.4758	0.884817
12.155	2.04928
36.6863	1.23646
43.5996	1.091
82.834	0.82361
101.259	0.737721
97.6603	0.76711
31.8465	1.32774
70.709	0.891882
88.1189	0.818277
68.567	0.919175
35.4678	1.30473
12.0158	1.8337
49.8529	1.0859
80.9986	0.86949
29.1787	1.43355
89.8978	0.808805
67.3764	0.927733
86.9464	0.821882
91.5451	0.800366
104.394	0.734323
71.2393	0.874824
73.6347	0.895775
16.3379	1.86227
54.5271	1.05016
34.0092	1.31279
92.0614	0.796799
45.6981	1.13644
46.4321	1.11875
100.752	0.751313
53.667	1.0481
8.04447	0.948762
21.4108	1.38702
76.2403	0.870069
63.7879	0.916196
41.8304	1.14858
83.5821	0.860748
55.0824	1.03444
61.7206	0.985665
80.3556	0.847275
10.1153	2.79878
84.6933	0.815884
15.4249	1.27124
71.6137	0.886605
62.3437	0.969587
92.7187	0.792328
50.2732	1.08541
53.5029	1.03982
106.619	0.72429
88.8578	0.817614
17.3991	1.97511
88.6402	0.817119
14.8208	2.22577
42.1392	1.15749
53.1002	1.07316
48.6383	1.09429
71.4429	0.917641
7.63835	2.66918
5.3159	3.38729
68.8008	0.915217
77.4489	0.859206
58.4815	1.03204
20.8467	1.84385
17.6337	1.93661
62.1325	0.979698
62.0589	0.974502
12.1927	2.23451
105.924	0.729668
38.3722	1.19368
88.3804	0.824491
105.734	0.736438
102.179	0.734148
44.0909	1.14071
22.6444	1.69202
52.9867	1.05789
60.7514	0.971913
91.5093	0.800857
44.4423	1.08392
1.03191	9.34096
16.1155	1.35107
81.9266	0.840695
106.844	0.727882
27.1733	1.48368
19.7556	1.68214
23.8965	1.50557
32.0398	1.42193
30.6038	1.34536
82.9959	0.838534
24.5167	1.28565
84.6406	0.844143
52.0944	1.05365
99.824	0.745681
39.1659	1.22008
49.4968	1.07092
26.5753	1.40673
35.2989	1.26508
72.3629	0.898654
67.3934	0.955298
21.358	1.52497
106.514	0.716259
83.1734	0.836169
33.6047	1.41046
3.09149	4.5992
25.6363	1.34935
5.08559	3.94797
92.4542	0.789243
5.56488	3.24442
79.6661	0.842496
65.9895	0.930359
21.3887	1.828
106.405	0.731336
67.4588	0.937622
72.4934	0.856962
34.1578	1.34507
58.6046	1.02119
18.9577	1.66698
69.2582	0.934777
22.7619	1.50472
44.3813	1.14067
33.8137	1.28559
29.3333	1.2639
60.0591	0.96035
49.7793	1.06104
9.18607	2.52937
19.0128	1.84178
106.192	0.73616
83.3488	0.808158
20.6355	1.74812
38.0915	1.29335
29.9726	1.37596
90.1194	0.806599
73.4307	0.854187
80.2407	0.832584
22.8258	1.3722
16.6724	1.84761
30.7986	1.32628
24.7869	1.49778
7.05856	3.00377
68.9534	0.92985
74.9117	0.882706
55.0647	1.00683
14.5496	1.52133
32.1153	1.31177
84.1612	0.854259
32.1551	1.35925
53.0569	1.07098
27.086	1.54211
30.9057	1.43486
83.8167	0.855144
12.2191	1.07374
52.7172	1.07881
81.9386	0.822617
54.2467	1.01305
106.174	0.722829
58.2501	0.997997
22.4724	1.34576
81.1696	0.873904
70.128	0.912495
58.9326	0.988197
35.3151	1.28143
95.0484	0.783039
29.3312	1.38275
64.7359	0.946644
65.4787	0.983975
107.245	0.723766
16.066	2.09252
53.0263	1.06101
81.332	0.864922
21.2787	1.55822
96.3271	0.773631
103.086	0.736881
62.41	0.941056
21.9365	1.56936
4.75165	4.16432
36.1864	1.21568
56.9934	1.00864
86.9032	0.831104
68.7686	0.943489
57.6147	1.00207
47.1567	1.07725
70.1086	0.934739
48.6255	1.09322
104.951	0.722769
88.8569	0.817481
49.0417	1.0992
41.6412	1.22667
30.9427	1.38426
22.282	1.61425
17.2587	1.9663
36.6308	1.2654
93.3834	0.789398
99.8478	0.763831
35.1572	1.25556
56.9578	1.05216
106.58	0.731087
8.07616	2.86758
83.3856	0.855595
40.1632	1.18847
25.6454	1.50912
16.6531	1.64516
62.7879	0.970764
105.943	0.735702
21.5164	1.70463
83.4729	0.853147
94.8206	0.779706
36.6176	1.34285
100.059	0.750767
24.1268	1.51966
23.2141	1.58304
80.2853	0.841402
83.5593	0.837918
17.4405	1.98711
6.42163	2.7993
96.2515	0.771337
67.4204	0.951306
104.046	0.72243
25.4649	1.50833
101.262	0.756119
20.7095	1.37898
42.0064	1.15201
49.7272	1.07579
4.36352	4.23209
70.9366	0.875389
70.9308	0.89421
91.2769	0.802252
107.339	0.735117
12.3207	2.18162
66.797	0.928204
100.768	0.74033


0	0
106.521	0.735118
7.45952	1.89549
92.755	0.783591
14.9849	2.02886
90.0993	0.791288
31.2255	1.39176
23.1313	1.73689
48.0289	1.101
10.7342	2.34124
93.7812	0.787777
55.8435	1.02559
70.9809	0.876709
30.7092	1.38097
12.9927	2.10322
68.5655	0.907361
105.086	0.74221
98.0076	0.78237
30.2579	1.31234
33.2214	1.3298
61.6484	0.963072
67.7692	0.920577
6.23111	3.36007
32.8198	1.2703
67.2808	0.953353
15.3912	2.08997
76.5642	0.806705
92.8579	0.801213
49.6039	1.14563
60.9661	0.960045
76.2066	0.856381
45.2662	1.10991
89.0987	0.803833
45.8438	1.15271
20.0102	1.56178
20.1256	1.32859
79.2149	0.867363
69.8505	0.919092
82.9906	0.841532
84.7148	0.828082
61.2901	0.966633
39.2244	1.25537
62.6945	0.964707
93.5175	0.798475
69.9585	0.886623
40.5873	1.19935
33.1807	1.31783
96.6272	0.782486
53.3382	1.03945
99.8968	0.77339
50.9817	1.06046
92.1751	0.81706
28.4556	1.3777
95.2279	0.764894
36.7818	1.19087
12.1089	2.27939
23.4237	1.6961
79.2893	0.866298
98.9373	0.776853
8.75289	2.52402
94.2351	0.786726
68.891	0.924927
32.1409	1.33069
66.7814	0.922988
97.5697	0.787804
3.7611	4.96587
12.9921	2.09788
43.8741	1.13926
94.3877	0.785869
88.0469	0.813233
10.3036	2.40618
73.872	0.884027
33.9806	1.34461
17.7505	1.76541
43.6968	1.15637
96.5604	0.792478
80.3358	0.837096
27.3547	1.45141
37.2921	1.28337
93.6352	0.786173
11.892	1.92263
22.7894	1.54543
51.8693	1.09752
96.4152	0.747888
78.2593	0.861077
22.0465	1.73216
2.18667	3.95869
42.5749	1.0972
102.695	0.75689
14.6075	1.97382
77.7484	0.862826
10.3249	2.7601
60.6272	0.990178
12.3559	2.39305
59.1207	0.983855
85.6003	0.82517
24.5714	1.54709
33.5349	1.31603
82.1956	0.844586
73.6165	0.885481
6.56878	2.90805
89.0377	0.801816
92.2417	0.814036
67.0075	0.959047
74.2389	0.90944
79.5359	0.868124
48.3183	1.09964
48.4577	1.09712
106.853	0.731372
22.6648	1.72388
97.9532	0.784185
93.1574	0.788509
39.2383	1.12912
40.7807	1.1103
48.2484	1.13708
49.4249	1.05063
65.1178	0.896202
49.0619	1.11154
57.8491	1.00111
41.6514	1.18823
62.8104	0.963263
99.7721	0.772131
13.2796	1.8563
88.4589	0.808872
67.8645	0.940915
34.9302	1.30613
58.8913	1.02304
37.2516	1.31698
63.3618	0.961216
66.5364	0.964151
95.3763	0.757685
42.5005	1.18648
33.1602	1.26948
55.7021	1.00946
72.3829	0.897802
18.4578	1.69797
82.116	0.805967
37.4566	1.30689
70.6499	0.866948
11.3811	2.56519
92.512	0.787192
98.4803	0.782059
52.7753	1.04744
63.6265	0.926238
95.0908	0.798103
18.8279	1.8156
48.5544	1.12871
34.0327	1.35762
89.2455	0.796451
29.1112	1.40137
66.7243	0.931442
42.4854	1.23634
24.4502	1.59202
79.4866	0.857546
78.1789	0.855541
33.9114	1.28299
41.7269	1.16862
82.3709	0.844281
38.5445	1.23932
16.1169	2.07125
11.6434	2.28078
67.0263	0.950711
97.1654	0.789791
78.0853	0.868566
100.687	0.76621
61.1691	0.983827
53.6632	0.999126
50.1428	1.09626
12.6297	1.87978
45.7927	1.05943
63.2701	0.963494
81.1479	0.85048
25.0901	1.49791
75.3589	0.896075
89.6232	0.805392
51.0598	1.04418
95.7895	0.78729
60.8975	0.992891
27.396	1.51961
31.7861	1.36917
98.253	0.770553
17.9645	1.89171
27.3273	1.47995
12.9494	2.23998
80.9644	0.854019
46.9083	1.11611
57.8093	0.97309
38.5917	1.26574
11.82	2.04851
66.4974	0.925989
63.2986	1.00545
57.0171	0.968781
89.893	0.796054
96.1608	0.792228
52.0762	1.0214
70.3382	0.920851
23.4359	1.49777
33.2055	1.39473
76.6164	0.871012
17.3464	1.785
94.5966	0.785201
21.0937	1.32248
19.9685	1.83118
38.6698	1.18547
33.4244	1.2344
14.6926	1.98842
92.3519	0.811312
29.3405	1.47291
14.2186	2.02681
52.8021	1.07485
14.1439	2.30332
74.7171	0.904433
77.878	0.858947
38.6209	1.18745
20.4181	1.61926
93.2911	0.810164
74.3698	0.871665
6.33986	3.34259
72.7842	0.894192
47.1129	1.06464
19.0938	1.4661
88.0861	0.809292
47.2309	1.10391
36.8996	1.26283
4.49478	4.03124
93.961	0.771731
79.662	0.844291
54.2893	1.04434
50.9789	1.11459
25.7364	1.524
68.9388	0.926726
75.7384	0.87365
43.0127	1.21692
40.2491	1.21364
52.2673	1.0896
71.3318	0.898146
31.9367	1.44116
68.0731	0.929088
75.4816	0.86738
36.1405	1.34637
59.3885	1.00547
96.0083	0.797903
16.5996	1.9067
52.3428	1.01751
63.797	0.994009
79.7341	0.859428
34.8679	1.29247
27.8558	1.45103
92.128	0.785492
61.5112	0.964208
37.7696	1.21357
23.8899	1.4248
96.9856	0.791293
64.6754	0.947636
12.9626	2.23063
64.0352	0.992891
12.3514	2.31895
3.75861	4.25714
68.9742	0.90837
56.3501	0.984069
50.8948	1.07504
33.5761	1.27935
104.84	0.745807
78.3044	0.876731
22.2983	1.40899
51.4225	1.10403
92.4656	0.792194
70.6218	0.876057
53.6102	1.0748
96.8641	0.791143
54.6354	1.04065
59.9514	1.00162
69.5925	0.896523
11.0273	2.27616
34.1528	1.32825
43.7751	1.08318
77.6417	0.879269
92.0218	0.812275
95.0411	0.788258
30.3082	1.39677
67.8417	0.933772
90.5232	0.796519
68.0818	0.925742
36.0568	1.28342
7.92927	2.88809
50.1835	1.07559
86.4174	0.815869
29.6366	1.41134
93.3038	0.779395
67.5376	0.925506
87.7416	0.814457
94.46	0.776705
97.7981	0.783926
69.9501	0.891316
78.3916	0.840447
15.8913	1.91437
51.939	1.09971
34.7468	1.28566
94.0644	0.779696
47.3757	1.09562
50.1705	1.03223
95.9873	0.788606
54.3048	1.03505
5.26089	2.92081
12.9185	2.34566
81.9052	0.807014
64.9296	0.897899
42.7875	1.12112
95.547	0.752489
55.0169	1.03566
62.5781	0.972448
78.9882	0.861968
17.7811	1.69336
80.4997	0.858702
15.8499	1.19087
69.0493	0.916363
62.3544	0.96942
94.1821	0.779903
50.6033	1.07713
53.9654	1.0308
100.113	0.77178
93.3949	0.777665
21.2061	1.63674
92.0943	0.786477
25.3897	1.30003
41.248	1.18303
52.3545	1.08763
49.4634	1.07476
76.4373	0.858214
12.2443	1.18285
7.57904	2.21374
68.402	0.920598
80.2161	0.827926
58.7045	1.02836
31.554	1.21606
20.6977	1.66433
62.7305	0.970527
62.1737	0.972809
13.6132	2.00037
100.16	0.771849
40.6453	1.11945
94.4862	0.771072
103.628	0.751496
91.9602	0.81593
38.8266	1.28829
24.9435	1.54628
56.4334	0.984833
62.6928	0.940848
93.8739	0.78041
45.9828	1.03895
2.18112	5.26038
13.7026	1.75425
80.4158	0.856446
102.304	0.760416
30.8539	1.31952
21.3403	1.54536
18.3629	1.93421
37.0207	1.23804
30.1218	1.36976
81.7131	0.851579
24.3146	1.29409
90.3102	0.790792
51.4801	1.06745
92.258	0.807345
39.1711	1.2212
49.3122	1.07504
25.8029	1.45545
35.2313	1.26805
72.5848	0.89591
68.2691	0.943615
21.7738	1.48961
94.1802	0.81015
78.6695	0.882845
33.9616	1.39696
3.67396	3.86853
24.5931	1.41903
8.86351	2.41243
90.9535	0.802314
5.5585	3.24659
78.7497	0.852545
67.5285	0.908466
33.4432	1.17465
103.315	0.753403
66.7422	0.948235
72.5383	0.856381
41.036	1.11218
58.7527	1.01843
20.6951	1.50634
69.503	0.929797
15.6947	2.13781
43.665	1.15993
28.3878	1.51986
30.4083	1.20721
56.5333	1.02143
46.0085	1.14792
9.35408	2.48396
18.7659	1.86855
105.424	0.741568
78.8041	0.856607
27.3685	1.28883
42.7254	1.15796
28.944	1.42598
91.5026	0.794385
69.1189	0.910487
80.9788	0.83499
18.7552	1.64895
16.445	1.87469
29.0211	1.409
26.8438	1.37792
8.37297	2.53658
66.5926	0.95279
75.5961	0.87469
57.3159	0.966116
14.5013	1.52742
32.282	1.30522
94.4841	0.760564
31.294	1.39306
51.8473	1.09453
27.9767	1.49728
37.2384	1.19129
93.0503	0.770236
10.789	1.54875
52.418	1.08443
80.437	0.838604
49.8379	1.1035
97.4005	0.786602
58.3308	0.996609
21.2845	1.44741
92.1291	0.77505
70.0025	0.914207
58.5114	0.994523
33.8288	1.33703
95.0501	0.78311
35.0348	1.12798
64.1465	0.950499
69.6902	0.927697
101.816	0.762752
24.8616	1.34442
57.1445	0.983523
84.6973	0.83135
19.5359	1.70663
94.5092	0.788531
95.2393	0.797594
63.4845	0.924776
19.0582	1.80724
9.74264	2.18506
31.5027	1.39814
54.2107	1.05995
92.4268	0.781391
72.026	0.901947
56.6707	1.01819
39.0868	1.29267
77.1373	0.849845
48.7424	1.09058
93.2076	0.81384
93.9303	0.772928
48.2749	1.1164
45.8367	1.11736
31.8803	1.34347
22.24	1.61549
22.5859	1.50971
36.8323	1.25836
93.3476	0.789702
99.7578	0.764519
32.8779	1.34274
56.967	1.052
103.961	0.749694
8.22646	2.82173
90.825	0.786321
40.0638	1.19109
25.8378	1.49641
14.9422	1.86945
63.3592	0.962103
104.036	0.749278
23.8083	1.54746
90.1228	0.790454
93.7005	0.789073
44.7176	1.10752
93.9832	0.799355
22.5351	1.62759
23.166	1.58385
78.1051	0.865152
83.6019	0.837494
17.6753	1.96409
5.35484	3.38339
93.704	0.792392
66.598	0.964327
91.0231	0.825955
24.69	1.55529
99.9425	0.766102
20.1479	1.4363
41.5926	1.15529
47.6142	1.12296
5.74798	3.37526
70.3171	0.88271
65.1592	0.972948
94.969	0.769404
109.598	0.719738
12.4909	2.15397
66.7724	0.92855
91.9988	0.811388


0	0
102.88	0.761006
7.28165	1.99329
88.2488	0.823521
13.0058	2.29995
86.5118	0.824492
36.1066	1.19735
26.7915	1.52562
47.7573	1.10854
11.7348	2.13268
93.1377	0.794138
56.0525	1.02178
70.5635	0.890844
30.0463	1.40263
14.2196	1.92588
66.9795	0.92888
102.87	0.758136
103.791	0.738801
24.1475	1.64167
34.7858	1.26686
62.3193	0.951437
67.1247	0.929503
9.27276	2.26749
32.5189	1.28372
70.9084	0.905673
19.3785	1.66486
73.9848	0.841901
96.7928	0.768706
52.9672	1.07695
60.2198	0.972201
80.1086	0.811718
43.2408	1.16296
87.0644	0.822627
50.3776	1.04893
17.4897	1.79621
20.0589	1.3357
80.6381	0.849916
70.8068	0.906748
85.7862	0.81829
87.0753	0.805245
61.9336	0.95599
41.4794	1.18928
62.6977	0.964658
98.0071	0.77711
69.2211	0.896577
39.0995	1.24398
33.5658	1.30201
99.5788	0.759293
51.322	1.07645
104.686	0.738072
52.832	1.02152
103.037	0.730937
27.5139	1.42794
86.1849	0.844691
30.4541	1.43925
13.5281	2.04135
32.3034	1.22781
81.0939	0.847079
103.72	0.74106
8.18781	2.69896
94.3058	0.786118
69.597	0.917761
32.3787	1.32158
67.0429	0.919291
105.319	0.729879
14.3515	1.33484
15.2077	1.76269
40.8776	1.22175
94.225	0.787224
87.9166	0.814439
13.8011	1.71375
75.7359	0.867341
37.1718	1.22993
17.693	1.77165
41.3907	1.21894
104.627	0.731349
71.1835	0.941963
26.8871	1.47748
37.5256	1.27577
91.6902	0.802793
13.1964	1.65559
22.9547	1.5389
54.5558	1.04589
83.4022	0.866091
76.224	0.883871
27.0278	1.42308
1.12562	8.1195
41.4216	1.13117
104.014	0.74732
14.6575	1.96667
73.8826	0.907149
19.1099	1.55764
60.2017	0.992469
11.9115	2.46505
57.9607	1.00371
87.1592	0.810277
24.9631	1.52399
33.0854	1.33375
82.2808	0.843717
77.7691	0.836376
5.31841	3.55062
86.4617	0.825781
101.616	0.738965
73.552	0.874632
77.9275	0.862057
83.8067	0.823448
48.1209	1.10418
48.068	1.10694
101.854	0.7671
31.386	1.24243
104.557	0.734702
91.5962	0.801918
30.2507	1.46971
30.6183	1.47687
51.0332	1.07621
43.4425	1.19824
64.9627	0.898557
52.7533	1.03682
54.6483	1.05905
42.3859	1.16746
62.8915	0.962383
103.491	0.760064
9.61174	2.60745
87.7119	0.81578
68.6995	0.929754
34.3264	1.33782
58.9481	1.02212
39.9595	1.23096
63.6709	0.956558
70.9603	0.90574
83.9797	0.860178
41.8476	1.20393
30.4049	1.38946
56.4872	0.994766
73.3697	0.885677
18.3831	1.72088
74.5741	0.891004
36.4679	1.34073
68.7584	0.884703
19.6228	1.41908
89.1737	0.816604
105.024	0.733396
47.0804	1.16795
65.1758	0.902575
102.851	0.737887
21.6109	1.58108
51.1879	1.07132
37.8034	1.22724
87.3844	0.813728
32.7034	1.23462
66.5904	0.933327
53.2969	0.984739
23.6715	1.64047
79.5616	0.856741
78.0572	0.862167
37.9041	1.13301
39.5323	1.2321
83.7429	0.830436
38.5448	1.23931
23.149	1.4472
14.3177	1.82912
66.5401	0.957371
105.168	0.729922
75.9962	0.891877
103.536	0.7296
61.1652	0.983888
48.307	1.11276
50.7583	1.08333
13.3798	1.73629
41.0276	1.19222
63.9321	0.953532
82.4064	0.836914
24.5595	1.52963
74.9228	0.901085
89.2107	0.809117
46.6297	1.14326
99.4077	0.758638
60.9802	0.99222
27.4825	1.51567
33.8638	1.30668
98.0831	0.756553
22.0068	1.54734
27.3503	1.47753
14.9762	1.9463
82.0306	0.842992
47.1384	1.11066
56.1993	1.0024
37.4767	1.30076
15.0084	1.4522
67.3693	0.916035
67.5824	0.94542
46.6205	1.18004
86.7243	0.824036
103.212	0.738113
44.6146	1.19082
74.2437	0.870819
23.6873	1.48039
35.4578	1.31252
75.7027	0.881491
15.4134	2.0164
94.6864	0.784456
19.174	1.51365
23.3179	1.58463
35.9321	1.27947
32.7613	1.26178
16.1982	1.79885
100.514	0.74547
34.0214	1.27388
17.1216	1.63775
59.0059	0.959532
26.54	1.20952
73.6254	0.917133
75.577	0.885078
36.4777	1.26143
19.8456	1.67055
103.229	0.732173
77.1147	0.83868
9.06804	2.37904
75.009	0.867223
38.4284	1.3011
10.5556	2.66291
86.9816	0.819607
46.7558	1.11801
34.3401	1.35271
9.061	1.78382
86.1406	0.841545
72.1127	0.9306
60.2377	0.937345
56.9448	1.00199
27.6385	1.4173
69.2857	0.923468
75.6111	0.875132
51.6278	1.01146
36.2982	1.33734
55.8684	1.02157
69.7968	0.917951
30.6139	1.49512
68.0153	0.929887
76.0799	0.854969
34.8752	1.38927
60.0108	0.995495
105.739	0.72452
15.7655	2.00339
44.8996	1.18484
63.4944	0.997972
80.6059	0.850178
35.7104	1.26769
23.4351	1.70103
87.6362	0.825742
62.7119	0.945157
34.3256	1.33478
15.1235	2.20281
105.312	0.728779
65.9597	0.928935
12.9713	2.22902
67.3645	0.946501
12.4319	2.30896
3.64996	4.36396
67.6786	0.926007
48.6598	1.13684
52.652	1.03887
32.6469	1.30277
103.99	0.751873
82.6961	0.830421
14.5413	2.18631
56.6171	1.00685
91.0962	0.804066
69.5964	0.889829
51.5293	1.116
104.854	0.730895
56.0004	1.0148
59.4691	1.00585
67.8661	0.919201
9.56342	2.60629
35.2305	1.28618
43.8593	1.08224
79.244	0.861833
99.9569	0.747845
97.5086	0.768319
28.8942	1.46285
65.5792	0.96549
88.0557	0.818857
67.6383	0.931785
37.6975	1.22739
9.28299	2.4918
50.1652	1.07564
88.9791	0.791712
28.2928	1.46262
87.3735	0.832018
66.7675	0.933555
88.1248	0.810902
87.8146	0.829878
103.957	0.73751
67.0614	0.928769
76.5328	0.861665
15.4989	1.96528
54.1231	1.05919
33.6736	1.31961
89.7554	0.816976
44.8951	1.15642
41.8656	1.23548
100.743	0.751377
54.7989	1.02566
7.35341	1.49071
16.6192	1.86795
75.6595	0.876788
64.8333	0.899386
42.2479	1.12634
83.867	0.857991
55.7581	1.02197
63.3758	0.959573
79.1582	0.865701
22.3851	1.25278
81.0797	0.852649
16.218	1.11701
66.2848	0.954007
62.3987	0.969097
90.1197	0.814887
51.8397	1.04998
53.1017	1.05132
104.572	0.738914
87.3776	0.831094
24.5187	1.39053
87.8818	0.824146
14.787	2.22818
40.122	1.21608
55.7823	1.02258
47.1397	1.12775
77.11	0.850788
5.49783	3.61685
3.62293	4.65615
67.7903	0.929395
75.3059	0.885674
58.9641	1.0241
26.9238	1.45235
16.151	2.14949
63.3614	0.960948
62.2142	0.972182
13.3697	2.03967
104.645	0.738827
34.3316	1.33438
87.9847	0.831391
103.825	0.750072
101.316	0.739743
45.4617	1.10406
27.8121	1.38055
54.7818	1.01615
64.4663	0.917828
89.5551	0.817877
46.7651	1.0183
1.63471	6.74769
11.7584	2.12223
81.8436	0.841553
104.228	0.745008
29.0585	1.40524
22.5049	1.45063
28.6128	1.21486
40.1191	1.13678
29.2444	1.4116
84.9366	0.819174
23.6163	1.34802
86.5529	0.822072
51.7261	1.06372
97.9219	0.76054
39.1716	1.22143
47.1176	1.12518
24.2743	1.55177
32.853	1.35909
72.8567	0.893035
70.52	0.909313
20.9574	1.55785
106.264	0.718051
88.5413	0.783715
34.3683	1.38246
4.61857	2.91383
23.55	1.49052
11.3001	1.72744
90.867	0.802464
5.57199	3.23743
74.6262	0.899235
68.724	0.891723
28.2464	1.42183
103.888	0.74926
67.3871	0.939366
71.099	0.878769
40.3114	1.13482
58.9518	1.01521
19.1601	1.64847
73.4236	0.880321
23.6928	1.43966
43.9121	1.15343
36.7619	1.1724
31.1637	1.16881
53.2535	1.08155
49.8585	1.05883
9.19711	2.52653
18.2379	1.91599
103.424	0.755845
74.6689	0.907717
18.1023	1.96043
45.9736	1.06902
28.138	1.46746
89.6798	0.810519
63.2481	0.990436
72.39	0.931664
13.2792	2.29316
18.3757	1.66252
26.7933	1.52375
24.8011	1.5035
7.42758	2.86794
69.3476	0.915453
75.1735	0.879631
50.0791	1.10778
14.3582	1.55141
31.8231	1.32286
84.3764	0.852205
35.8785	1.21079
55.5108	1.02451
30.5972	1.38781
31.3485	1.411
85.5048	0.840613
6.55903	3.06353
56.2179	1.01275
73.4335	0.917316
51.3233	1.07239
104.204	0.735255
58.2563	0.998165
17.5402	1.80855
86.6257	0.825279
70.0199	0.914762
58.0007	1.0033
36.5636	1.23642
95.0636	0.782999
30.6522	1.32522
64.5605	0.944667
79.1391	0.820791
104.635	0.742295
18.636	1.83656
56.7938	0.98984
90.6194	0.775371
17.6784	1.87963
95.8791	0.777277
103.069	0.737006
63.8211	0.919525
20.1262	1.71478
13.4142	1.22154
35.0744	1.25697
53.6055	1.07134
87.2956	0.827468
75.7635	0.856545
56.1057	1.0296
48.7215	1.04052
78.7669	0.83123
47.8316	1.11093
104.935	0.722889
86.4629	0.839404
54.6112	0.983213
48.5215	1.05233
32.2958	1.33072
22.0764	1.62708
18.638	1.81438
37.0719	1.24909
92.902	0.793485
99.8108	0.764082
33.8965	1.30228
56.9737	1.0517
103.701	0.751562
8.42423	2.7646
85.8282	0.83151
40.1003	1.19065
25.6857	1.50528
12.1902	2.29257
63.9464	0.953283
103.753	0.751316
24.893	1.47525
86.3914	0.825035
93.3169	0.792307
48.8668	1.00306
99.7703	0.753011
23.2059	1.58058
22.9496	1.59868
76.5582	0.882407
83.4722	0.833851
18.2187	1.91491
5.86987	3.08752
95.0538	0.781153
70.6057	0.911234
104.273	0.722235
24.4651	1.56679
101.199	0.756592
19.1158	1.53577
41.7972	1.14934
56.4891	0.936033
8.37143	2.24854
66.252	0.930389
62.7703	1.00733
89.0049	0.822668
102.618	0.768349
12.4418	2.15044
66.5306	0.931961
99.3275	0.751572


0	0
109.625	0.713733
5.87575	2.78578
93.185	0.781011
17.6003	1.71615
86.2086	0.827482
30.1781	1.44013
32.5424	1.25337
48.6232	1.09032
11.7647	2.10287
95.8263	0.771704
56.4781	1.01409
65.8551	0.954882
30.1564	1.39736
12.1595	2.25973
65.23	0.953437
107.589	0.724611
98.7456	0.776668
30.3228	1.30805
36.1878	1.21575
63.0963	0.939835
66.3442	0.94043
12.7873	1.29737
32.2408	1.29577
74.266	0.863668
18.552	1.74331
67.793	0.934454
94.0729	0.788629
59.7883	0.953275
59.1195	0.991125
74.2548	0.879546
41.6634	1.20672
88.5482	0.808877
47.671	1.10994
18.4666	1.69843
18.8099	1.47195
83.1407	0.827297
71.666	0.895798
83.0105	0.845598
80.7913	0.867375
62.4356	0.947791
43.9811	1.12006
62.7013	0.964602
101.043	0.753647
67.6946	0.917854
38.2986	1.2686
31.2577	1.39657
96.5027	0.782594
52.8078	1.04791
101.653	0.760245
45.9849	1.17134
92.431	0.814915
24.343	1.609
96.702	0.752597
35.2701	1.24476
14.1636	1.95303
26.2456	1.51995
81.6398	0.838427
99.5206	0.772396
7.9566	2.77377
94.3595	0.785671
70.0523	0.91181
31.1296	1.37435
66.9868	0.920083
98.9678	0.777018
9.60821	2.40892
10.7357	2.17449
42.1905	1.18488
94.7955	0.782481
86.0938	0.826471
12.4014	1.97414
73.3115	0.895646
37.4874	1.21888
17.3754	1.80299
46.1944	1.09419
97.0509	0.788568
78.7685	0.85417
27.8029	1.42772
37.7911	1.26786
95.1166	0.773931
7.28409	3.14881
22.8705	1.54364
57.0733	0.990959
95.2168	0.759401
78.4102	0.859412
29.8768	1.27082
2.08149	4.29203
39.1444	1.20132
104.937	0.740696
14.5861	1.9773
78.0842	0.859082
21.947	1.28088
60.6727	0.98472
15.1146	2.00354
56.7836	1.02448
83.4216	0.846446
25.4036	1.4969
34.0743	1.2943
83.6756	0.829601
75.0884	0.867777
9.86676	1.58175
87.6149	0.814966
92.7852	0.807817
77.1353	0.831479
82.1303	0.816453
82.5435	0.837135
50.4939	1.05023
50.1473	1.0604
109.741	0.711475
24.3471	1.61747
98.8663	0.777145
88.4203	0.815762
37.768	1.18041
35.213	1.29642
55.925	0.976029
51.8326	1.00069
63.4411	0.920683
51.9375	1.0535
53.1272	1.08772
42.631	1.16067
62.9087	0.962199
102.609	0.75395
12.148	2.06371
87.4729	0.818003
69.0596	0.916684
38.0522	1.20717
57.8802	1.02271
44.3628	1.10712
63.9774	0.951963
76.7475	0.843386
95.206	0.75842
46.1463	1.09042
27.4841	1.52915
53.6582	1.04803
72.4254	0.892523
22.5187	1.33644
69.5142	0.952716
42.1173	1.17029
67.9179	0.894952
8.85987	3.03438
92.9291	0.783591
99.7328	0.772497
56.3958	0.980617
65.9812	0.889146
95.0985	0.798041
18.9279	1.80828
55.5802	0.983746
40.4095	1.14381
83.8719	0.847361
32.563	1.25091
66.3566	0.936624
43.6526	1.20373
32.2474	1.17567
80.067	0.851326
75.3186	0.893102
26.2264	1.63239
37.9629	1.27982
82.7054	0.840884
38.6166	1.23745
18.8462	1.80025
9.63732	2.69914
69.2132	0.921358
98.009	0.783422
81.8542	0.828053
99.5872	0.771565
61.6818	0.978305
48.9319	1.09917
54.7191	1.00368
13.8874	1.64343
36.316	1.34474
65.9413	0.9441
81.3913	0.847388
23.6753	1.58595
85.0245	0.795706
89.485	0.806638
50.8409	1.04946
95.8711	0.786632
61.0833	0.990215
27.6283	1.50856
33.4233	1.32505
92.7915	0.803389
19.1759	1.78324
29.3472	1.37721
16.3999	1.76617
83.1718	0.831347
46.9324	1.11554
51.955	1.07412
39.237	1.23833
15.8984	1.28616
67.2591	0.917582
74.1654	0.860293
52.2058	1.06059
87.9428	0.814142
96.2664	0.791388
53.9924	0.980347
75.9413	0.854846
23.8651	1.46747
39.2575	1.18482
76.352	0.874031
16.1613	1.92618
94.9096	0.783285
14.849	2.01468
28.6916	1.25823
33.8704	1.35576
31.0673	1.33108
14.048	2.07938
93.2393	0.803873
34.0997	1.27259
16.9907	1.65308
61.1444	0.925305
14.8306	2.21457
86.2364	0.780769
76.0608	0.879518
34.0922	1.34768
19.2563	1.72359
93.3358	0.809794
73.6962	0.87949
9.71457	2.19178
72.9168	0.889172
43.4346	1.15846
19.488	1.43915
88.5764	0.809912
49.4063	1.05629
34.7339	1.33841
10.17	1.33224
94.445	0.7676
78.7187	0.854612
60.0522	0.940528
61.4355	0.924314
25.2882	1.54934
70.2122	0.911368
74.5377	0.887727
43.7654	1.19531
35.6893	1.35688
59.3386	0.959995
68.9197	0.929455
38.1767	1.21672
68.3618	0.925204
73.1966	0.890118
40.2533	1.21799
60.5946	0.986051
96.9147	0.790766
16.3027	1.94322
52.9742	1.00294
68.8947	0.923061
81.4071	0.841765
34.7947	1.30242
33.5126	1.17523
91.747	0.78883
63.7247	0.929795
34.8977	1.31328
23.098	1.48008
97.9539	0.783749
67.0702	0.91305
13.9131	2.08755
73.1318	0.877614
12.6085	2.28325
3.88019	4.14374
66.3469	0.945147
51.6097	1.07585
50.6148	1.08091
30.4708	1.39708
108.999	0.716795
82.1072	0.836487
24.3646	1.23723
60.6183	0.937609
93.589	0.782585
67.6305	0.916778
53.5286	1.07732
97.5741	0.78559
57.8275	0.981703
59.4995	1.00535
65.5811	0.951197
9.83672	2.54154
36.4071	1.24417
44.0432	1.07868
83.2004	0.820246
93.7163	0.797745
95.2365	0.78666
28.7582	1.47012
65.93	0.96058
89.9553	0.801606
67.5147	0.933477
38.052	1.2156
11.8229	1.87397
49.4415	1.09057
79.6347	0.883478
26.5439	1.55153
94.7376	0.767169
66.6121	0.936479
86.6979	0.824217
95.4783	0.762283
98.3597	0.779573
64.0336	0.969568
71.2397	0.925034
15.9494	1.90914
58.0383	0.987365
33.9372	1.30741
95.8114	0.766396
47.8431	1.08504
52.6794	0.977322
95.998	0.78852
54.2752	1.03561
6.50954	2.07191
22.2424	1.30523
69.1451	0.956669
63.3688	0.92218
42.0373	1.13182
92.5116	0.778633
56.4818	1.00949
64.1795	0.947495
81.7088	0.836727
15.3102	1.99277
84.6581	0.816235
12.8804	1.78156
65.2929	0.967907
62.9486	0.963515
96.6979	0.759902
50.3146	1.08539
52.4358	1.06457
102.471	0.754223
93.6729	0.77528
22.5102	1.5342
91.9227	0.787978
25.2146	1.30829
38.6729	1.25305
59.1433	0.962763
50.4808	1.05269
72.4433	0.905491
12.3638	1.14356
7.5875	2.20076
67.3008	0.936096
72.5002	0.91887
59.241	1.01956
22.8357	1.69869
30.5133	1.10858
63.8988	0.952533
62.2588	0.971491
12.2741	2.21098
101.694	0.760452
32.4566	1.40692
101.246	0.736695
105.554	0.73771
92.4488	0.810254
47.2888	1.05828
28.0325	1.36912
49.7995	1.116
65.2142	0.906461
95.4404	0.767241
46.7545	1.01839
3.53676	2.67598
10.1265	2.48452
81.5972	0.84325
104.113	0.745843
26.5686	1.53322
23.5699	1.37097
20.0827	1.79021
35.52	1.29157
28.2202	1.46137
82.3383	0.845195
22.1476	1.46378
85.3239	0.833994
52.6522	1.04493
94.4891	0.788461
39.2188	1.22036
51.4621	1.02819
22.9508	1.63856
37.1644	1.19793
72.5194	0.896027
74.5483	0.852481
18.8127	1.74747
94.5589	0.807069
81.2582	0.855693
34.7574	1.36866
2.23455	5.95094
22.4387	1.57069
12.5605	1.39539
92.3123	0.78985
4.97727	3.4421
77.1589	0.869974
69.4028	0.882373
24.7988	1.6115
105.889	0.734978
69.1499	0.91578
67.0889	0.932863
32.172	1.4181
59.1537	1.01188
15.6645	2.01701
75.2904	0.858887
24.545	1.38316
44.4593	1.13918
32.6363	1.33218
31.6342	1.13929
52.9267	1.08787
45.92	1.14994
9.29248	2.50304
18.2754	1.91408
107.954	0.723888
82.5201	0.821838
25.4061	1.40956
44.7718	1.10069
27.6628	1.49124
90.7523	0.798364
60.4806	1.03146
80.334	0.841518
16.2136	1.9164
14.9155	2.05692
27.0996	1.50782
21.3871	1.73586
8.48056	2.50925
71.893	0.882317
74.9658	0.883646
49.9353	1.1108
14.2069	1.58412
31.0838	1.35601
91.6457	0.785099
29.9517	1.45214
58.9819	0.961559
32.9573	1.28658
36.9875	1.19317
90.0173	0.797673
10.5364	1.85541
59.2053	0.959709
78.0756	0.864673
54.7167	1.004
98.3341	0.779363
58.0506	1.00171
12.4859	2.44051
86.0711	0.830516
70.919	0.904486
57.5592	1.0153
34.6978	1.30405
95.063	0.783003
22.1679	1.79206
64.9503	0.94063
78.7261	0.825433
104.716	0.741709
20.7434	1.65344
52.4771	1.07174
78.3884	0.895773
17.8034	1.85408
95.0105	0.784394
95.2625	0.797407
63.405	0.92602
22.1495	1.55103
10.3319	2.01945
33.0902	1.33415
55.8455	1.02966
90.8925	0.79523
74.6939	0.868072
56.7256	1.02101
46.0861	1.10372
72.7764	0.902277
49.3531	1.07658
93.2318	0.813641
94.7279	0.766139
44.9127	1.19551
39.5447	1.28245
31.0958	1.382
22.1155	1.62415
22.1248	1.51969
36.9952	1.25296
93.5941	0.786973
99.778	0.764333
34.2192	1.28996
56.9949	1.05133
106.81	0.729469
8.56101	2.72379
87.2568	0.817811
40.1172	1.1976
25.4995	1.51692
10.5237	2.6039
64.0403	0.950289
106.198	0.733902
20.9559	1.74615
85.8956	0.829741
95.1689	0.776815
44.7566	1.10586
94.3563	0.796282
23.6974	1.5489
22.8354	1.6086
79.6038	0.848757
82.3482	0.845203
18.7549	1.86509
6.9097	2.758
94.9887	0.78169
74.9816	0.856737
91.5191	0.823054
24.8002	1.54643
100.016	0.765539
18.664	1.58166
42.0272	1.14382
40.4082	1.3027
9.57723	1.81648
64.6098	0.95412
66.0355	0.959839
96.237	0.760445
113.024	0.696979
12.294	2.17954
66.1063	0.93787
93.8876	0.797213


0	0
99.9584	0.782463
2.08935	6.61129
89.0426	0.817419
19.2008	1.54786
90.2954	0.789637
32.6889	1.33312
34.8684	1.15927
47.7055	1.11127
11.2125	2.21597
90.6289	0.814333
56.7167	1.0098
62.1665	1.00838
30.3369	1.38672
13.3581	1.74066
63.9168	0.972508
100.448	0.776138
103.071	0.744088
25.2865	1.57355
32.0711	1.37701
63.5965	0.932033
65.7109	0.949251
6.5743	3.20713
31.7511	1.31711
74.2543	0.864966
16.7468	1.93136
58.8223	1.06626
94.2419	0.787219
62.7909	0.903477
57.9361	1.01075
66.5224	0.97779
44.4972	1.13048
88.1353	0.81268
48.7021	1.0872
18.4511	1.69765
17.1428	1.66475
79.514	0.865083
71.1202	0.901533
85.6489	0.820085
87.4412	0.776984
62.6282	0.944033
44.0231	1.11802
62.6921	0.964652
97.5032	0.779932
65.5884	0.947497
38.6689	1.2583
34.3458	1.27947
99.2466	0.760958
53.6623	1.031
102.944	0.750727
53.8533	1.00026
102.804	0.732693
30.1152	1.28831
86.1966	0.844582
33.1878	1.32544
12.9007	2.14903
27.9175	1.42996
79.1352	0.864957
102.336	0.738375
8.58996	2.57067
94.1716	0.787237
70.4566	0.90656
30.3016	1.41064
66.6219	0.925249
103.209	0.74271
11.3426	1.98078
9.69435	2.42706
44.9634	1.11065
93.2461	0.794293
88.1833	0.806828
8.77493	2.79236
73.727	0.894839
34.2004	1.33568
18.0276	1.75213
45.099	1.12354
104.11	0.735117
84.2379	0.796936
26.4277	1.50121
38.1327	1.25709
90.4971	0.813344
14.138	1.46719
22.5892	1.56515
58.2407	0.970082
88.3321	0.819822
79.3993	0.848568
28.5099	1.34282
1.3921	6.78769
36.3592	1.2927
101.778	0.763613
14.4072	2.00191
80.3179	0.834568
17.2536	1.7612
61.1906	0.976562
18.7456	1.58857
56.2589	1.03378
87.2878	0.809061
25.6441	1.48143
32.5812	1.35417
81.9781	0.846809
69.0878	0.942269
8.35262	2.15761
88.3477	0.808167
100.099	0.749126
74.4638	0.863466
75.7296	0.88688
79.4365	0.8695
45.8172	1.15711
46.5073	1.14297
99.1339	0.787304
30.6328	1.28167
103.662	0.741224
90.8556	0.793808
34.2628	1.30829
42.3521	1.06109
48.694	1.12364
41.4065	1.25274
60.8117	0.962888
49.5319	1.10402
54.418	1.06456
42.0492	1.17685
62.9224	0.961989
102.38	0.755636
12.1097	2.06992
88.6106	0.807476
71.3576	0.886539
38.7107	1.1877
56.3033	1.04992
45.9915	1.06427
64.2675	0.947633
74.6026	0.868888
86.624	0.83431
44.2484	1.13911
26.0244	1.60545
51.8605	1.08334
70.6122	0.916018
24.1881	1.20071
78.9662	0.8421
46.8153	1.04478
66.8158	0.909606
19.9329	1.37874
89.3642	0.814896
103.789	0.742345
57.2899	0.964218
66.124	0.886999
102.843	0.737944
20.9598	1.63477
48.9899	1.11787
39.2624	1.17884
91.1047	0.779815
28.8029	1.42786
66.0961	0.940312
52.2463	1.00331
26.0133	1.49839
79.6158	0.856158
78.5092	0.857166
37.5331	1.15119
37.9017	1.28176
82.4586	0.84377
38.6722	1.2361
20.4632	1.65677
13.7527	1.91101
72.321	0.881199
103.639	0.739249
80.2749	0.844801
102.779	0.746412
61.6949	0.9781
53.3841	1.00481
51.5527	1.06974
13.8155	1.6532
35.8383	1.36113
65.3937	0.951908
81.0932	0.850402
23.2209	1.61634
79.7579	0.851448
89.4181	0.807242
47.7089	1.11888
99.3219	0.759306
61.2152	0.985822
27.782	1.50072
33.8513	1.30827
97.7275	0.762879
20.7287	1.65036
28.2119	1.43403
15.5054	1.87755
80.8799	0.854899
47.111	1.11131
50.1936	1.11044
41.5101	1.17087
15.6441	1.33171
66.6797	0.924932
76.7203	0.82811
59.2954	0.926177
88.8462	0.805822
102.997	0.739983
43.2397	1.22403
72.9702	0.890304
23.9849	1.45917
41.2807	1.12297
77.1274	0.865207
17.7399	1.75207
94.676	0.785217
9.8986	2.82653
21.6857	1.70008
36.6524	1.25441
29.0311	1.42667
13.1523	2.20915
99.6696	0.752034
29.3664	1.47232
11.6643	2.41915
56.8878	0.999231
23.6082	1.40514
80.4309	0.840167
78.0907	0.856129
36.1367	1.27353
18.6073	1.78372
102.926	0.733341
67.942	0.948176
6.91702	3.10806
70.2935	0.922109
48.9445	1.01925
10.0271	2.78289
88.0118	0.813722
46.039	1.14207
37.6373	1.23702
8.39049	2.05038
87.3356	0.830471
82.8897	0.809513
53.9089	1.05157
60.6582	0.93779
26.9067	1.45822
71.1706	0.899019
72.9493	0.902547
50.8108	1.0293
38.6729	1.25926
59.3334	0.959949
68.8424	0.927738
43.9203	1.03901
68.8998	0.91798
69.7081	0.933815
45.935	1.06095
60.9059	0.979577
104.899	0.73059
17.5999	1.80002
45.43	1.17119
74.4028	0.852516
79.8354	0.858347
35.2861	1.28456
28.6825	1.40347
88.9837	0.813454
64.4746	0.917858
38.1243	1.20071
24.9107	1.35112
104.383	0.735507
67.7301	0.902876
15.5192	1.87389
75.6403	0.846963
13.3011	2.48528
3.87387	4.14747
65.4995	0.957096
57.7014	0.958783
50.9019	1.07306
28.9417	1.46806
99.8157	0.782427
78.2554	0.877262
11.3484	2.65002
59.9553	0.9496
90.2225	0.811735
65.1744	0.952314
58.088	0.994605
104.169	0.735879
55.8245	1.01337
59.557	1.00441
63.7262	0.978016
11.6602	2.14726
33.9928	1.33241
44.258	1.07341
78.8138	0.867374
98.17	0.761556
97.2906	0.77006
30.0228	1.41103
68.7045	0.922666
88.7608	0.809986
67.7901	0.929713
36.6206	1.26318
6.94824	3.22763
50.3756	1.0699
89.9722	0.78204
25.3647	1.61537
87.4935	0.833284
66.3729	0.939677
88.6278	0.80626
86.4802	0.841491
103.399	0.741607
62.5481	0.991749
72.6607	0.907572
16.1054	1.87265
60.8904	0.939802
33.5999	1.31272
89.0459	0.824501
44.787	1.15912
39.4565	1.30159
100.732	0.751462
53.6298	1.04802
5.36944	2.84344
15.7324	1.9689
76.756	0.86501
60.7661	0.966094
42.0388	1.1329
89.7815	0.802851
56.4371	1.0103
64.9492	0.936067
80.909	0.845949
14.8033	2.05643
80.2454	0.861256
6.1886	3.60024
67.7594	0.936452
63.0043	0.962664
89.1019	0.826053
50.7853	1.07545
54.955	1.02084
103.025	0.752645
88.2949	0.822713
17.6733	1.94847
88.954	0.814389
15.454	2.15327
38.9507	1.24448
59.1139	0.963271
46.3478	1.1456
70.4341	0.930492
10.8751	1.63224
6.67754	2.6274
67.1353	0.93954
78.4631	0.849784
59.5633	1.01433
31.9628	1.1931
19.301	1.85652
64.4963	0.94362
62.4687	0.968813
11.776	2.30111
103.664	0.747045
39.1401	1.16914
90.1488	0.827315
101.935	0.763823
100.332	0.746622
40.4017	1.24084
25.2369	1.52862
52.6696	1.0573
65.6215	0.900571
88.5307	0.827034
46.0032	1.03824
2.51254	4.5442
16.8659	1.23339
80.3604	0.855401
102.233	0.759519
27.2758	1.49601
23.8472	1.34779
23.2772	1.55117
32.3009	1.41243
27.6851	1.48813
82.256	0.846033
17.7223	1.85202
90.0662	0.78969
51.6526	1.06523
96.5755	0.783703
39.191	1.21995
44.7925	1.18179
21.7143	1.72103
30.9055	1.43883
72.4671	0.896977
75.1312	0.845336
16.3551	1.99793
105.904	0.720622
80.2277	0.866393
35.2073	1.35286
4.70743	2.83251
21.5706	1.63418
13.0746	1.26151
89.6726	0.813041
5.43534	3.14015
80.1522	0.836721
69.5536	0.880306
34.628	1.13101
101.328	0.76795
70.5068	0.897345
62.9135	0.992777
33.5088	1.365
59.7208	1.00478
13.9622	2.23
73.2031	0.884383
18.8514	1.834
43.7684	1.15741
28.7074	1.50237
31.9791	1.12158
55.9054	1.03253
49.9372	1.05781
9.32661	2.49174
19.1261	1.83957
101.025	0.773354
81.5994	0.831676
25.1332	1.42595
40.1208	1.23028
27.7897	1.48437
89.9576	0.805439
62.3369	1.00775
83.7031	0.805085
20.353	1.4767
19.0159	1.59629
29.5291	1.38612
22.3363	1.66238
7.16148	2.97224
72.3785	0.876132
75.2949	0.879792
57.1737	0.968359
14.3108	1.56459
30.1904	1.40003
88.5299	0.835427
37.8973	1.17436
58.3903	0.971917
33.6332	1.25409
28.7274	1.4964
90.4436	0.793428
4.93185	4.00088
57.9613	0.979588
82.1176	0.819808
50.4766	1.08948
103.328	0.741698
57.7116	1.00658
13.7611	2.25585
92.4386	0.772312
71.229	0.900524
57.527	1.01533
34.3499	1.31679
95.0506	0.783105
27.6213	1.47313
65.2633	0.936043
70.1307	0.928879
101.734	0.763391
23.2112	1.45664
51.4202	1.09336
89.596	0.785106
18.5329	1.78357
95.3614	0.781511
103.046	0.737176
62.2914	0.943607
19.4041	1.77317
3.52683	5.08587
33.6911	1.31039
58.518	0.980845
89.9874	0.804704
70.6191	0.918477
56.7371	1.02081
39.5481	1.2792
68.666	0.954443
47.3829	1.12062
104.913	0.723049
87.1947	0.832637
53.5316	1.00608
48.1438	1.0551
31.0549	1.38266
22.2771	1.61254
17.4086	1.93319
36.7215	1.26354
92.4511	0.796697
99.7908	0.764037
32.6356	1.35375
57.0315	1.05079
100.873	0.772246
8.09042	2.86877
89.4023	0.797969
40.2713	1.19209
25.6665	1.50806
13.0418	2.15398
64.5186	0.943176
101.862	0.766021
25.1304	1.4579
90.3926	0.788007
91.9108	0.804277
36.0719	1.35537
100.119	0.751799
22.2069	1.65186
23.4858	1.56651
79.5131	0.84974
83.9894	0.829468
19.3743	1.81243
7.19568	2.63349
93.7898	0.791918
75.065	0.85536
104.023	0.724098
25.3427	1.51233
101.118	0.757201
14.6961	2.05771
41.9702	1.14547
58.2449	0.901941
9.70085	1.77905
63.04	0.977381
71.7552	0.883505
87.6605	0.834736
99.9132	0.788109
12.1729	2.20022
65.6637	0.944186
99.6028	0.753197


0	0
111.378	0.701911
6.50658	2.41479
92.2175	0.789368
15.9704	1.89748
84.0024	0.848818
35.7831	1.21267
34.3323	1.17859
48.6721	1.08456
10.2461	2.42794
97.4913	0.758442
56.4946	1.01343
62.0768	1.00895
30.5089	1.37777
13.2129	1.77048
63.4718	0.979059
109.417	0.712225
99.5767	0.770299
28.7782	1.38483
38.1056	1.14982
64.1348	0.908344
65.5416	0.951662
11.0545	1.7598
31.1574	1.34407
70.3397	0.914074
20.9186	1.53358
59.0529	1.06241
96.4212	0.770187
59.8626	0.952409
56.9515	1.02807
70.5646	0.925039
44.8082	1.12241
87.3447	0.820012
47.6065	1.09909
19.7712	1.56264
13.5485	2.14059
81.0114	0.849277
70.2792	0.912346
84.893	0.827441
79.1865	0.861785
62.6873	0.943104
41.6141	1.18476
62.6998	0.964772
100.999	0.752939
63.4449	0.973402
40.0568	1.21644
32.5383	1.34935
96.5206	0.782451
51.7966	1.06856
103.475	0.746846
49.1047	1.10001
93.1077	0.810073
23.4752	1.6604
95.2102	0.765043
32.6808	1.34679
12.1649	2.27172
29.7332	1.33398
80.2893	0.852629
93.5798	0.806424
8.7196	2.52874
94.4838	0.784635
70.4295	0.906911
31.0454	1.37628
66.0966	0.933527
99.5751	0.769962
14.1901	1.36719
8.24943	2.82712
43.6462	1.14621
95.1305	0.778549
85.6069	0.831117
7.71919	3.10768
75.6457	0.871595
35.0549	1.30245
16.7591	1.86241
41.2899	1.22522
97.7024	0.783474
74.8493	0.899268
28.0242	1.41492
38.6648	1.24109
95.6669	0.768201
5.3148	3.98402
21.9932	1.60865
54.9314	1.03022
89.1361	0.811867
76.7942	0.877423
23.6554	1.62584
2.2054	3.89967
33.9884	1.37611
106.899	0.726802
14.3022	2.01885
75.7948	0.885767
11.2384	2.59187
61.672	0.96892
19.5902	1.51207
56.5911	1.02788
85.4045	0.82706
25.9367	1.46425
34.4328	1.28093
82.5393	0.841081
69.2896	0.939658
2.69445	5.82824
85.9877	0.830269
93.811	0.799533
67.9209	0.946771
73.2605	0.914854
84.0376	0.822105
52.0777	1.01639
51.1477	1.03874
111.303	0.700918
25.1625	1.57111
99.9211	0.769095
87.4148	0.825005
33.688	1.33039
35.8334	1.27573
50.37	1.08762
52.8221	0.980122
57.4588	1.01949
52.6277	1.03862
57.3624	1.01164
41.4691	1.19271
62.9355	0.961787
103.765	0.745508
12.7627	1.8845
87.1192	0.821953
71.8939	0.879767
35.331	1.30184
55.1282	1.07073
43.697	1.12506
64.5287	0.943751
69.1404	0.937235
90.7893	0.796451
41.2448	1.23228
25.4262	1.6033
54.314	1.03498
70.2808	0.920256
22.791	1.31778
81.6691	0.810871
46.6633	1.04939
65.9881	0.926876
17.9132	1.6004
92.1851	0.790025
101.155	0.76179
48.1215	1.14774
65.4491	0.897187
95.1084	0.79796
20.319	1.68682
50.2424	1.09184
35.4773	1.30642
83.1232	0.854967
25.3727	1.61032
65.8918	0.943216
44.1709	1.18989
21.6979	1.76991
79.446	0.857983
79.8048	0.842989
34.5265	1.26317
39.2101	1.24075
83.8056	0.830197
38.8527	1.23351
22.4336	1.49948
14.2032	1.831
73.0357	0.870881
98.6306	0.776921
75.3148	0.899624
98.0607	0.779455
61.7095	0.977871
45.0302	1.18972
49.8153	1.10557
16.0057	1.15369
42.9176	1.1482
65.3354	0.953145
82.357	0.837332
23.3135	1.60936
73.2029	0.925115
89.2612	0.808661
49.4536	1.07967
95.9737	0.785805
61.2442	0.985223
27.8967	1.49468
33.5722	1.32192
94.1601	0.791944
21.1739	1.61893
25.7135	1.55402
13.4807	2.17757
82.1931	0.841324
46.9631	1.11481
55.6453	1.00278
43.3371	1.11925
13.4167	1.79037
65.9119	0.93593
73.9666	0.860774
51.6763	1.07127
86.5396	0.827236
98.1751	0.779275
53.6572	0.987173
69.2302	0.93752
24.0509	1.45429
40.2452	1.15517
76.3113	0.874529
17.6331	1.76365
94.8915	0.78303
14.0101	2.12247
21.5525	1.70996
38.7104	1.18391
27.9604	1.50924
15.2913	1.90801
94.2841	0.79521
34.0852	1.27237
13.2052	2.16687
50.7551	1.1165
23.5895	1.40772
70.1227	0.95861
77.3941	0.865882
38.6426	1.18974
17.978	1.84428
93.3465	0.809817
67.5797	0.950321
7.48224	2.89592
70.271	0.922685
42.4218	1.18519
19.9195	1.40134
87.9918	0.813907
50.0102	1.05004
40.0509	1.15926
2.03023	6.9098
92.0857	0.787516
75.0733	0.895396
49.6099	1.13648
53.2679	1.06285
26.9443	1.45624
71.223	0.898349
74.3905	0.885231
44.2703	1.18141
42.607	1.14285
55.8657	1.02151
70.6067	0.904594
43.8978	1.0415
69.3153	0.913953
71.641	0.910834
48.1001	1.00496
61.6274	0.968072
97.9849	0.782332
18.6293	1.69708
51.1933	1.04563
76.0187	0.832755
80.4043	0.852345
35.7759	1.26805
23.498	1.69392
89.8696	0.805478
65.3042	0.906949
37.4124	1.22772
16.0369	2.10196
99.0967	0.774945
68.2042	0.896225
16.2944	1.77671
73.2217	0.87492
33.8275	1.14289
4.10489	3.94037
65.6922	0.954111
54.4379	1.02302
52.3415	1.0433
29.6058	1.43691
111.942	0.696913
82.8337	0.83011
24.4527	1.23456
55.2394	1.03331
94.0188	0.778938
62.7815	0.987459
61.9193	0.930092
98.4257	0.778983
53.3496	1.06009
59.6412	1.00261
63.6329	0.981872
12.23	2.03655
35.5563	1.27502
44.1005	1.07569
78.3062	0.872884
95.5957	0.782268
95.4935	0.784564
31.7422	1.33439
71.6315	0.884527
88.2397	0.81476
68.2892	0.922929
35.327	1.30846
8.8416	2.60659
49.4644	1.08964
84.6625	0.832372
26.1337	1.56714
94.3828	0.772731
66.2009	0.941693
86.9007	0.822312
95.2736	0.764003
99.0319	0.774397
62.2585	0.995806
78.2254	0.843402
16.1143	1.87296
60.2615	0.950373
33.0193	1.33607
96.2742	0.762572
47.5653	1.09158
52.768	0.973876
96.0117	0.78841
53.9976	1.04093
1.76911	7.2173
14.8362	2.07768
82.0929	0.805815
57.8291	1.01534
41.9189	1.13771
85.9293	0.835982
55.6777	1.02415
65.6614	0.925611
78.4218	0.872503
22.4688	1.24418
81.3481	0.849748
15.1543	1.34417
70.5419	0.899492
63.0747	0.961905
97.2878	0.756496
52.5413	1.03918
55.2084	1.01711
105.873	0.732142
91.8976	0.790633
17.3629	1.9779
90.2922	0.802376
24.5033	1.36329
39.6633	1.22269
55.7196	1.02373
51.0045	1.0488
74.597	0.87922
8.07627	2.53271
3.81718	4.47249
67.6145	0.933379
79.9457	0.833534
59.9676	1.00837
25.0613	1.55806
27.7397	1.28763
64.9589	0.936366
62.5261	0.967928
11.7699	2.30534
103.45	0.748602
39.953	1.14126
101.426	0.735307
107.129	0.726626
93.5859	0.800744
40.9299	1.22386
22.7379	1.68686
56.8046	0.978696
65.6466	0.900392
95.5783	0.766092
44.5293	1.07811
0.968706	9.72459
17.0536	1.19687
81.5204	0.843248
105.958	0.732653
29.9536	1.366
23.6395	1.3616
27.9457	1.25977
38.0089	1.20514
28.3794	1.45419
84.9521	0.819021
12.8748	2.42863
83.2325	0.853322
51.4622	1.06915
100.532	0.752785
39.1908	1.21996
53.2273	0.992447
21.9903	1.70074
37.9655	1.1699
72.45	0.897189
71.3649	0.892144
15.5099	2.09327
95.0713	0.802941
88.6828	0.782301
35.7299	1.33424
2.35212	5.72896
21.136	1.66603
11.7342	1.61616
93.0524	0.783467
4.80117	3.56011
76.6313	0.875742
69.0833	0.885957
27.2026	1.48389
108.012	0.720106
70.7331	0.894103
62.8338	1.00499
41.1402	1.10372
59.8344	1.00293
16.3022	1.9413
69.4246	0.932096
16.443	2.06608
43.8114	1.15628
36.7682	1.16862
32.009	1.12697
59.5771	0.96754
46.0251	1.14768
9.97625	2.36979
19.5223	1.67454
109.603	0.712574
74.3312	0.911856
17.6305	2.0015
37.5902	1.30458
28.4489	1.44986
89.653	0.808167
67.5845	0.932935
74.4252	0.906516
14.315	2.14397
13.9127	2.1907
31.0293	1.31579
26.0701	1.42113
8.07056	2.64974
70.4785	0.900569
75.6147	0.876063
55.3608	1.00224
14.4936	1.5332
29.2917	1.44167
99.2506	0.745461
30.2137	1.47061
54.1094	1.04949
32.6118	1.29653
32.6897	1.32523
84.4582	0.849039
4.19916	4.49405
53.9474	1.0532
76.5286	0.88077
50.423	1.0906
99.3517	0.771534
57.4779	1.01065
18.5324	1.70473
82.0761	0.869298
70.8712	0.905099
57.8824	1.0094
36.6463	1.2339
95.0686	0.783065
34.6482	1.14586
65.5321	0.932434
65.8202	0.985677
107.333	0.723187
17.3162	1.95544
55.5079	1.01414
86.5229	0.814004
19.1769	1.72296
95.5423	0.780029
95.2926	0.797165
60.6323	0.970361
20.0257	1.71771
11.233	1.78696
34.5343	1.27732
59.9476	0.956788
88.7678	0.815688
68.7806	0.942189
57.2479	1.01131
49.2801	1.02692
74.6733	0.879995
49.1779	1.07662
93.2629	0.813384
92.9159	0.782051
50.7767	1.06327
46.3794	1.09952
32.1935	1.33347
22.0858	1.62482
21.1359	1.59881
36.5535	1.26905
93.7952	0.785687
99.326	0.766762
35.3134	1.25118
57.0598	1.05031
109.022	0.714132
7.7426	2.97843
84.8531	0.841649
40.3001	1.18913
25.894	1.49493
15.6171	1.77623
65.0683	0.938268
108.717	0.718128
22.8101	1.61426
83.4964	0.852916
96.2893	0.767587
36.5332	1.34015
94.7444	0.794405
24.1717	1.51715
23.2351	1.58322
76.1456	0.886587
83.185	0.837518
19.7816	1.77662
7.22395	2.61562
96.2794	0.771611
70.7988	0.908415
91.875	0.820052
25.802	1.48538
100.108	0.764845
22.759	1.28837
41.612	1.15435
42.2574	1.25339
9.67924	1.79072
61.8483	0.99533
75.2998	0.839395
96.2737	0.760142
113.776	0.692071
12.4908	2.14279
65.265	0.94969
95.3152	0.78737


